1.256451904773712158e-01 0.000000000000000000e+00 1.256451904773712158e-01 0.000000000000000000e+00
1.475757658481597900e-01 0.000000000000000000e+00 1.475757658481597900e-01 0.000000000000000000e+00
1.174249425530433655e-01 0.000000000000000000e+00 1.174249425530433655e-01 0.000000000000000000e+00
9.447789937257766724e-02 0.000000000000000000e+00 9.447789937257766724e-02 0.000000000000000000e+00
7.550775259733200073e-02 0.000000000000000000e+00 7.550775259733200073e-02 0.000000000000000000e+00
7.427608966827392578e-02 0.000000000000000000e+00 7.427608966827392578e-02 0.000000000000000000e+00
6.921899318695068359e-02 0.000000000000000000e+00 6.921899318695068359e-02 0.000000000000000000e+00
5.901760980486869812e-02 0.000000000000000000e+00 5.901760980486869812e-02 0.000000000000000000e+00
5.187268182635307312e-02 0.000000000000000000e+00 5.187268182635307312e-02 0.000000000000000000e+00
4.818097501993179321e-02 0.000000000000000000e+00 4.818097501993179321e-02 0.000000000000000000e+00
4.766348004341125488e-02 0.000000000000000000e+00 4.766348004341125488e-02 0.000000000000000000e+00
4.233583062887191772e-02 0.000000000000000000e+00 4.233583062887191772e-02 0.000000000000000000e+00
3.957612439990043640e-02 0.000000000000000000e+00 3.957612439990043640e-02 0.000000000000000000e+00
4.033438488841056824e-02 0.000000000000000000e+00 4.033438488841056824e-02 0.000000000000000000e+00
3.843977302312850952e-02 0.000000000000000000e+00 3.843977302312850952e-02 0.000000000000000000e+00
3.608410805463790894e-02 0.000000000000000000e+00 3.608410805463790894e-02 0.000000000000000000e+00
3.311832994222640991e-02 0.000000000000000000e+00 3.311832994222640991e-02 0.000000000000000000e+00
3.093622624874114990e-02 0.000000000000000000e+00 3.093622624874114990e-02 0.000000000000000000e+00
3.204843029379844666e-02 0.000000000000000000e+00 3.204843029379844666e-02 0.000000000000000000e+00
3.005841933190822601e-02 0.000000000000000000e+00 3.005841933190822601e-02 0.000000000000000000e+00
2.977435849606990814e-02 0.000000000000000000e+00 2.977435849606990814e-02 0.000000000000000000e+00
2.934408560395240784e-02 0.000000000000000000e+00 2.934408560395240784e-02 0.000000000000000000e+00
2.853317186236381531e-02 0.000000000000000000e+00 2.853317186236381531e-02 0.000000000000000000e+00
2.880300208926200867e-02 0.000000000000000000e+00 2.880300208926200867e-02 0.000000000000000000e+00
2.728258632123470306e-02 0.000000000000000000e+00 2.728258632123470306e-02 0.000000000000000000e+00
2.807653881609439850e-02 0.000000000000000000e+00 2.807653881609439850e-02 0.000000000000000000e+00
2.706317044794559479e-02 0.000000000000000000e+00 2.706317044794559479e-02 0.000000000000000000e+00
2.679645642638206482e-02 0.000000000000000000e+00 2.679645642638206482e-02 0.000000000000000000e+00
2.623721584677696228e-02 0.000000000000000000e+00 2.623721584677696228e-02 0.000000000000000000e+00
2.644185349345207214e-02 0.000000000000000000e+00 2.644185349345207214e-02 0.000000000000000000e+00
2.635698579251766205e-02 0.000000000000000000e+00 2.635698579251766205e-02 0.000000000000000000e+00
2.498570643365383148e-02 0.000000000000000000e+00 2.498570643365383148e-02 0.000000000000000000e+00
2.539032325148582458e-02 0.000000000000000000e+00 2.539032325148582458e-02 0.000000000000000000e+00
2.493692561984062195e-02 0.000000000000000000e+00 2.493692561984062195e-02 0.000000000000000000e+00
2.472460642457008362e-02 0.000000000000000000e+00 2.472460642457008362e-02 0.000000000000000000e+00
2.401933819055557251e-02 0.000000000000000000e+00 2.401933819055557251e-02 0.000000000000000000e+00
2.438495121896266937e-02 0.000000000000000000e+00 2.438495121896266937e-02 0.000000000000000000e+00
2.397597208619117737e-02 0.000000000000000000e+00 2.397597208619117737e-02 0.000000000000000000e+00
2.424053102731704712e-02 0.000000000000000000e+00 2.424053102731704712e-02 0.000000000000000000e+00
2.332478389143943787e-02 0.000000000000000000e+00 2.332478389143943787e-02 0.000000000000000000e+00
2.399364113807678223e-02 0.000000000000000000e+00 2.399364113807678223e-02 0.000000000000000000e+00
2.348790690302848816e-02 0.000000000000000000e+00 2.348790690302848816e-02 0.000000000000000000e+00
2.337188646197319031e-02 0.000000000000000000e+00 2.337188646197319031e-02 0.000000000000000000e+00
2.274262160062789917e-02 0.000000000000000000e+00 2.274262160062789917e-02 0.000000000000000000e+00
2.345348335802555084e-02 0.000000000000000000e+00 2.345348335802555084e-02 0.000000000000000000e+00
2.283826656639575958e-02 0.000000000000000000e+00 2.283826656639575958e-02 0.000000000000000000e+00
2.297837659716606140e-02 0.000000000000000000e+00 2.297837659716606140e-02 0.000000000000000000e+00
2.274077385663986206e-02 0.000000000000000000e+00 2.274077385663986206e-02 0.000000000000000000e+00
2.279839478433132172e-02 0.000000000000000000e+00 2.279839478433132172e-02 0.000000000000000000e+00
2.227080240845680237e-02 0.000000000000000000e+00 2.227080240845680237e-02 0.000000000000000000e+00
