3.691203594207763672e-01 0.000000000000000000e+00 3.691203594207763672e-01 0.000000000000000000e+00
3.140826225280761719e-01 0.000000000000000000e+00 3.140826225280761719e-01 0.000000000000000000e+00
2.739238142967224121e-01 0.000000000000000000e+00 2.739238142967224121e-01 0.000000000000000000e+00
2.399694770574569702e-01 0.000000000000000000e+00 2.399694770574569702e-01 0.000000000000000000e+00
2.308669686317443848e-01 0.000000000000000000e+00 2.308669686317443848e-01 0.000000000000000000e+00
2.221888303756713867e-01 0.000000000000000000e+00 2.221888303756713867e-01 0.000000000000000000e+00
2.097687721252441406e-01 0.000000000000000000e+00 2.097687721252441406e-01 0.000000000000000000e+00
1.932976096868515015e-01 0.000000000000000000e+00 1.932976096868515015e-01 0.000000000000000000e+00
1.758509576320648193e-01 0.000000000000000000e+00 1.758509576320648193e-01 0.000000000000000000e+00
1.744917333126068115e-01 0.000000000000000000e+00 1.744917333126068115e-01 0.000000000000000000e+00
1.652336120605468750e-01 0.000000000000000000e+00 1.652336120605468750e-01 0.000000000000000000e+00
1.677269339561462402e-01 0.000000000000000000e+00 1.677269339561462402e-01 0.000000000000000000e+00
1.661796122789382935e-01 0.000000000000000000e+00 1.661796122789382935e-01 0.000000000000000000e+00
1.613114178180694580e-01 0.000000000000000000e+00 1.613114178180694580e-01 0.000000000000000000e+00
1.549070775508880615e-01 0.000000000000000000e+00 1.549070775508880615e-01 0.000000000000000000e+00
1.499315202236175537e-01 0.000000000000000000e+00 1.499315202236175537e-01 0.000000000000000000e+00
1.490403264760971069e-01 0.000000000000000000e+00 1.490403264760971069e-01 0.000000000000000000e+00
1.461652368307113647e-01 0.000000000000000000e+00 1.461652368307113647e-01 0.000000000000000000e+00
1.425268352031707764e-01 0.000000000000000000e+00 1.425268352031707764e-01 0.000000000000000000e+00
1.394731700420379639e-01 0.000000000000000000e+00 1.394731700420379639e-01 0.000000000000000000e+00
1.367521882057189941e-01 0.000000000000000000e+00 1.367521882057189941e-01 0.000000000000000000e+00
1.344399452209472656e-01 0.000000000000000000e+00 1.344399452209472656e-01 0.000000000000000000e+00
1.308525651693344116e-01 0.000000000000000000e+00 1.308525651693344116e-01 0.000000000000000000e+00
1.277284175157546997e-01 0.000000000000000000e+00 1.277284175157546997e-01 0.000000000000000000e+00
1.216393113136291504e-01 0.000000000000000000e+00 1.216393113136291504e-01 0.000000000000000000e+00
1.215335279703140259e-01 0.000000000000000000e+00 1.215335279703140259e-01 0.000000000000000000e+00
1.191013753414154053e-01 0.000000000000000000e+00 1.191013753414154053e-01 0.000000000000000000e+00
1.168104708194732666e-01 0.000000000000000000e+00 1.168104708194732666e-01 0.000000000000000000e+00
1.163721457123756409e-01 0.000000000000000000e+00 1.163721457123756409e-01 0.000000000000000000e+00
1.126832738518714905e-01 0.000000000000000000e+00 1.126832738518714905e-01 0.000000000000000000e+00
1.097483262419700623e-01 0.000000000000000000e+00 1.097483262419700623e-01 0.000000000000000000e+00
1.069973111152648926e-01 0.000000000000000000e+00 1.069973111152648926e-01 0.000000000000000000e+00
1.022926121950149536e-01 0.000000000000000000e+00 1.022926121950149536e-01 0.000000000000000000e+00
9.831272810697555542e-02 0.000000000000000000e+00 9.831272810697555542e-02 0.000000000000000000e+00
9.746887534856796265e-02 0.000000000000000000e+00 9.746887534856796265e-02 0.000000000000000000e+00
9.487336874008178711e-02 0.000000000000000000e+00 9.487336874008178711e-02 0.000000000000000000e+00
9.236478060483932495e-02 0.000000000000000000e+00 9.236478060483932495e-02 0.000000000000000000e+00
9.085110574960708618e-02 0.000000000000000000e+00 9.085110574960708618e-02 0.000000000000000000e+00
8.894166350364685059e-02 0.000000000000000000e+00 8.894166350364685059e-02 0.000000000000000000e+00
8.467483520507812500e-02 0.000000000000000000e+00 8.467483520507812500e-02 0.000000000000000000e+00
8.220975846052169800e-02 0.000000000000000000e+00 8.220975846052169800e-02 0.000000000000000000e+00
8.048088848590850830e-02 0.000000000000000000e+00 8.048088848590850830e-02 0.000000000000000000e+00
7.714232802391052246e-02 0.000000000000000000e+00 7.714232802391052246e-02 0.000000000000000000e+00
7.451087236404418945e-02 0.000000000000000000e+00 7.451087236404418945e-02 0.000000000000000000e+00
7.180203497409820557e-02 0.000000000000000000e+00 7.180203497409820557e-02 0.000000000000000000e+00
6.991457194089889526e-02 0.000000000000000000e+00 6.991457194089889526e-02 0.000000000000000000e+00
7.001337409019470215e-02 0.000000000000000000e+00 7.001337409019470215e-02 0.000000000000000000e+00
6.853783130645751953e-02 0.000000000000000000e+00 6.853783130645751953e-02 0.000000000000000000e+00
6.477311998605728149e-02 0.000000000000000000e+00 6.477311998605728149e-02 0.000000000000000000e+00
6.267330795526504517e-02 0.000000000000000000e+00 6.267330795526504517e-02 0.000000000000000000e+00
6.170697137713432312e-02 0.000000000000000000e+00 6.170697137713432312e-02 0.000000000000000000e+00
6.175364553928375244e-02 0.000000000000000000e+00 6.175364553928375244e-02 0.000000000000000000e+00
6.051129475235939026e-02 0.000000000000000000e+00 6.051129475235939026e-02 0.000000000000000000e+00
5.841558426618576050e-02 0.000000000000000000e+00 5.841558426618576050e-02 0.000000000000000000e+00
5.620699375867843628e-02 0.000000000000000000e+00 5.620699375867843628e-02 0.000000000000000000e+00
5.577171966433525085e-02 0.000000000000000000e+00 5.577171966433525085e-02 0.000000000000000000e+00
5.370748043060302734e-02 0.000000000000000000e+00 5.370748043060302734e-02 0.000000000000000000e+00
5.131471529603004456e-02 0.000000000000000000e+00 5.131471529603004456e-02 0.000000000000000000e+00
5.088734626770019531e-02 0.000000000000000000e+00 5.088734626770019531e-02 0.000000000000000000e+00
5.183950066566467285e-02 0.000000000000000000e+00 5.183950066566467285e-02 0.000000000000000000e+00
4.688509553670883179e-02 0.000000000000000000e+00 4.688509553670883179e-02 0.000000000000000000e+00
4.686287418007850647e-02 0.000000000000000000e+00 4.686287418007850647e-02 0.000000000000000000e+00
5.202170461416244507e-02 0.000000000000000000e+00 5.202170461416244507e-02 0.000000000000000000e+00
4.492231830954551697e-02 0.000000000000000000e+00 4.492231830954551697e-02 0.000000000000000000e+00
4.447906464338302612e-02 0.000000000000000000e+00 4.447906464338302612e-02 0.000000000000000000e+00
4.522335901856422424e-02 0.000000000000000000e+00 4.522335901856422424e-02 0.000000000000000000e+00
3.999580070376396179e-02 0.000000000000000000e+00 3.999580070376396179e-02 0.000000000000000000e+00
4.416749626398086548e-02 0.000000000000000000e+00 4.416749626398086548e-02 0.000000000000000000e+00
4.226258769631385803e-02 0.000000000000000000e+00 4.226258769631385803e-02 0.000000000000000000e+00
3.826209530234336853e-02 0.000000000000000000e+00 3.826209530234336853e-02 0.000000000000000000e+00
3.842418640851974487e-02 0.000000000000000000e+00 3.842418640851974487e-02 0.000000000000000000e+00
3.837326914072036743e-02 0.000000000000000000e+00 3.837326914072036743e-02 0.000000000000000000e+00
3.838949650526046753e-02 0.000000000000000000e+00 3.838949650526046753e-02 0.000000000000000000e+00
3.521515056490898132e-02 0.000000000000000000e+00 3.521515056490898132e-02 0.000000000000000000e+00
3.664409741759300232e-02 0.000000000000000000e+00 3.664409741759300232e-02 0.000000000000000000e+00
3.749133646488189697e-02 0.000000000000000000e+00 3.749133646488189697e-02 0.000000000000000000e+00
3.431158512830734253e-02 0.000000000000000000e+00 3.431158512830734253e-02 0.000000000000000000e+00
3.312790393829345703e-02 0.000000000000000000e+00 3.312790393829345703e-02 0.000000000000000000e+00
3.231962770223617554e-02 0.000000000000000000e+00 3.231962770223617554e-02 0.000000000000000000e+00
3.293094038963317871e-02 0.000000000000000000e+00 3.293094038963317871e-02 0.000000000000000000e+00
3.404749557375907898e-02 0.000000000000000000e+00 3.404749557375907898e-02 0.000000000000000000e+00
3.252087906002998352e-02 0.000000000000000000e+00 3.252087906002998352e-02 0.000000000000000000e+00
3.006731532514095306e-02 0.000000000000000000e+00 3.006731532514095306e-02 0.000000000000000000e+00
2.924107760190963745e-02 0.000000000000000000e+00 2.924107760190963745e-02 0.000000000000000000e+00
3.243262693285942078e-02 0.000000000000000000e+00 3.243262693285942078e-02 0.000000000000000000e+00
3.007926233112812042e-02 0.000000000000000000e+00 3.007926233112812042e-02 0.000000000000000000e+00
2.768325619399547577e-02 0.000000000000000000e+00 2.768325619399547577e-02 0.000000000000000000e+00
2.599688991904258728e-02 0.000000000000000000e+00 2.599688991904258728e-02 0.000000000000000000e+00
3.072580322623252869e-02 0.000000000000000000e+00 3.072580322623252869e-02 0.000000000000000000e+00
2.731956541538238525e-02 0.000000000000000000e+00 2.731956541538238525e-02 0.000000000000000000e+00
2.830639295279979706e-02 0.000000000000000000e+00 2.830639295279979706e-02 0.000000000000000000e+00
2.649431303143501282e-02 0.000000000000000000e+00 2.649431303143501282e-02 0.000000000000000000e+00
2.436305023729801178e-02 0.000000000000000000e+00 2.436305023729801178e-02 0.000000000000000000e+00
2.595347166061401367e-02 0.000000000000000000e+00 2.595347166061401367e-02 0.000000000000000000e+00
2.362293191254138947e-02 0.000000000000000000e+00 2.362293191254138947e-02 0.000000000000000000e+00
2.233606576919555664e-02 0.000000000000000000e+00 2.233606576919555664e-02 0.000000000000000000e+00
2.268566563725471497e-02 0.000000000000000000e+00 2.268566563725471497e-02 0.000000000000000000e+00
2.087952941656112671e-02 0.000000000000000000e+00 2.087952941656112671e-02 0.000000000000000000e+00
2.640693821012973785e-02 0.000000000000000000e+00 2.640693821012973785e-02 0.000000000000000000e+00
2.707108110189437866e-02 0.000000000000000000e+00 2.707108110189437866e-02 0.000000000000000000e+00
