1.241368427872657776e-01 0.000000000000000000e+00 1.241368427872657776e-01 0.000000000000000000e+00
1.091780439019203186e-01 0.000000000000000000e+00 1.091780439019203186e-01 0.000000000000000000e+00
9.769643843173980713e-02 0.000000000000000000e+00 9.769643843173980713e-02 0.000000000000000000e+00
9.122151881456375122e-02 0.000000000000000000e+00 9.122151881456375122e-02 0.000000000000000000e+00
7.811711728572845459e-02 0.000000000000000000e+00 7.811711728572845459e-02 0.000000000000000000e+00
6.887267529964447021e-02 0.000000000000000000e+00 6.887267529964447021e-02 0.000000000000000000e+00
6.778562813997268677e-02 0.000000000000000000e+00 6.778562813997268677e-02 0.000000000000000000e+00
6.384162604808807373e-02 0.000000000000000000e+00 6.384162604808807373e-02 0.000000000000000000e+00
5.842575430870056152e-02 0.000000000000000000e+00 5.842575430870056152e-02 0.000000000000000000e+00
5.487668514251708984e-02 0.000000000000000000e+00 5.487668514251708984e-02 0.000000000000000000e+00
4.885553196072578430e-02 0.000000000000000000e+00 4.885553196072578430e-02 0.000000000000000000e+00
4.455596581101417542e-02 0.000000000000000000e+00 4.455596581101417542e-02 0.000000000000000000e+00
4.353012889623641968e-02 0.000000000000000000e+00 4.353012889623641968e-02 0.000000000000000000e+00
3.999114781618118286e-02 0.000000000000000000e+00 3.999114781618118286e-02 0.000000000000000000e+00
3.874866291880607605e-02 0.000000000000000000e+00 3.874866291880607605e-02 0.000000000000000000e+00
3.690377995371818542e-02 0.000000000000000000e+00 3.690377995371818542e-02 0.000000000000000000e+00
3.467171639204025269e-02 0.000000000000000000e+00 3.467171639204025269e-02 0.000000000000000000e+00
3.317061066627502441e-02 0.000000000000000000e+00 3.317061066627502441e-02 0.000000000000000000e+00
3.007313236594200134e-02 0.000000000000000000e+00 3.007313236594200134e-02 0.000000000000000000e+00
2.956815436482429504e-02 0.000000000000000000e+00 2.956815436482429504e-02 0.000000000000000000e+00
2.901362441480159760e-02 0.000000000000000000e+00 2.901362441480159760e-02 0.000000000000000000e+00
2.766005694866180420e-02 0.000000000000000000e+00 2.766005694866180420e-02 0.000000000000000000e+00
2.678628638386726379e-02 0.000000000000000000e+00 2.678628638386726379e-02 0.000000000000000000e+00
2.582099102437496185e-02 0.000000000000000000e+00 2.582099102437496185e-02 0.000000000000000000e+00
2.529361844062805176e-02 0.000000000000000000e+00 2.529361844062805176e-02 0.000000000000000000e+00
2.480805478990077972e-02 0.000000000000000000e+00 2.480805478990077972e-02 0.000000000000000000e+00
2.431940659880638123e-02 0.000000000000000000e+00 2.431940659880638123e-02 0.000000000000000000e+00
2.342273108661174774e-02 0.000000000000000000e+00 2.342273108661174774e-02 0.000000000000000000e+00
2.323824353516101837e-02 0.000000000000000000e+00 2.323824353516101837e-02 0.000000000000000000e+00
2.307528629899024963e-02 0.000000000000000000e+00 2.307528629899024963e-02 0.000000000000000000e+00
2.281522937119007111e-02 0.000000000000000000e+00 2.281522937119007111e-02 0.000000000000000000e+00
2.229218557476997375e-02 0.000000000000000000e+00 2.229218557476997375e-02 0.000000000000000000e+00
2.201797813177108765e-02 0.000000000000000000e+00 2.201797813177108765e-02 0.000000000000000000e+00
2.140184678137302399e-02 0.000000000000000000e+00 2.140184678137302399e-02 0.000000000000000000e+00
2.172023616731166840e-02 0.000000000000000000e+00 2.172023616731166840e-02 0.000000000000000000e+00
2.099395915865898132e-02 0.000000000000000000e+00 2.099395915865898132e-02 0.000000000000000000e+00
2.106130123138427734e-02 0.000000000000000000e+00 2.106130123138427734e-02 0.000000000000000000e+00
2.077524922788143158e-02 0.000000000000000000e+00 2.077524922788143158e-02 0.000000000000000000e+00
2.060297504067420959e-02 0.000000000000000000e+00 2.060297504067420959e-02 0.000000000000000000e+00
2.011711895465850830e-02 0.000000000000000000e+00 2.011711895465850830e-02 0.000000000000000000e+00
1.937659643590450287e-02 0.000000000000000000e+00 1.937659643590450287e-02 0.000000000000000000e+00
1.921511627733707428e-02 0.000000000000000000e+00 1.921511627733707428e-02 0.000000000000000000e+00
1.918761245906352997e-02 0.000000000000000000e+00 1.918761245906352997e-02 0.000000000000000000e+00
1.829358004033565521e-02 0.000000000000000000e+00 1.829358004033565521e-02 0.000000000000000000e+00
1.838072016835212708e-02 0.000000000000000000e+00 1.838072016835212708e-02 0.000000000000000000e+00
1.859865337610244751e-02 0.000000000000000000e+00 1.859865337610244751e-02 0.000000000000000000e+00
1.798132434487342834e-02 0.000000000000000000e+00 1.798132434487342834e-02 0.000000000000000000e+00
1.739671453833580017e-02 0.000000000000000000e+00 1.739671453833580017e-02 0.000000000000000000e+00
1.809014566242694855e-02 0.000000000000000000e+00 1.809014566242694855e-02 0.000000000000000000e+00
1.729325018823146820e-02 0.000000000000000000e+00 1.729325018823146820e-02 0.000000000000000000e+00
