7.535446882247924805e-01 0.000000000000000000e+00 7.535446882247924805e-01 0.000000000000000000e+00
6.501175165176391602e-01 0.000000000000000000e+00 6.501175165176391602e-01 0.000000000000000000e+00
5.992507338523864746e-01 0.000000000000000000e+00 5.992507338523864746e-01 0.000000000000000000e+00
5.647544264793395996e-01 0.000000000000000000e+00 5.647544264793395996e-01 0.000000000000000000e+00
5.291010737419128418e-01 0.000000000000000000e+00 5.291010737419128418e-01 0.000000000000000000e+00
4.907150864601135254e-01 0.000000000000000000e+00 4.907150864601135254e-01 0.000000000000000000e+00
4.517832696437835693e-01 0.000000000000000000e+00 4.517832696437835693e-01 0.000000000000000000e+00
4.106222987174987793e-01 0.000000000000000000e+00 4.106222987174987793e-01 0.000000000000000000e+00
3.754411637783050537e-01 0.000000000000000000e+00 3.754411637783050537e-01 0.000000000000000000e+00
3.540947139263153076e-01 0.000000000000000000e+00 3.540947139263153076e-01 0.000000000000000000e+00
3.397907614707946777e-01 0.000000000000000000e+00 3.397907614707946777e-01 0.000000000000000000e+00
3.239459991455078125e-01 0.000000000000000000e+00 3.239459991455078125e-01 0.000000000000000000e+00
2.979891300201416016e-01 0.000000000000000000e+00 2.979891300201416016e-01 0.000000000000000000e+00
2.734166681766510010e-01 0.000000000000000000e+00 2.734166681766510010e-01 0.000000000000000000e+00
2.487094104290008545e-01 0.000000000000000000e+00 2.487094104290008545e-01 0.000000000000000000e+00
2.308384925127029419e-01 0.000000000000000000e+00 2.308384925127029419e-01 0.000000000000000000e+00
2.183979451656341553e-01 0.000000000000000000e+00 2.183979451656341553e-01 0.000000000000000000e+00
2.072965353727340698e-01 0.000000000000000000e+00 2.072965353727340698e-01 0.000000000000000000e+00
1.948961913585662842e-01 0.000000000000000000e+00 1.948961913585662842e-01 0.000000000000000000e+00
1.842503249645233154e-01 0.000000000000000000e+00 1.842503249645233154e-01 0.000000000000000000e+00
1.729073375463485718e-01 0.000000000000000000e+00 1.729073375463485718e-01 0.000000000000000000e+00
1.603878289461135864e-01 0.000000000000000000e+00 1.603878289461135864e-01 0.000000000000000000e+00
1.465489417314529419e-01 0.000000000000000000e+00 1.465489417314529419e-01 0.000000000000000000e+00
1.323323547840118408e-01 0.000000000000000000e+00 1.323323547840118408e-01 0.000000000000000000e+00
1.185886636376380920e-01 0.000000000000000000e+00 1.185886636376380920e-01 0.000000000000000000e+00
1.052117720246315002e-01 0.000000000000000000e+00 1.052117720246315002e-01 0.000000000000000000e+00
9.016741812229156494e-02 0.000000000000000000e+00 9.016741812229156494e-02 0.000000000000000000e+00
8.532841503620147705e-02 0.000000000000000000e+00 8.532841503620147705e-02 0.000000000000000000e+00
8.141219615936279297e-02 0.000000000000000000e+00 8.141219615936279297e-02 0.000000000000000000e+00
7.542182505130767822e-02 0.000000000000000000e+00 7.542182505130767822e-02 0.000000000000000000e+00
7.291249930858612061e-02 0.000000000000000000e+00 7.291249930858612061e-02 0.000000000000000000e+00
6.794413924217224121e-02 0.000000000000000000e+00 6.794413924217224121e-02 0.000000000000000000e+00
6.775090843439102173e-02 0.000000000000000000e+00 6.775090843439102173e-02 0.000000000000000000e+00
6.355454027652740479e-02 0.000000000000000000e+00 6.355454027652740479e-02 0.000000000000000000e+00
6.052403524518013000e-02 0.000000000000000000e+00 6.052403524518013000e-02 0.000000000000000000e+00
6.177947670221328735e-02 0.000000000000000000e+00 6.177947670221328735e-02 0.000000000000000000e+00
5.889635533094406128e-02 0.000000000000000000e+00 5.889635533094406128e-02 0.000000000000000000e+00
5.598708987236022949e-02 0.000000000000000000e+00 5.598708987236022949e-02 0.000000000000000000e+00
5.413930490612983704e-02 0.000000000000000000e+00 5.413930490612983704e-02 0.000000000000000000e+00
4.808483272790908813e-02 0.000000000000000000e+00 4.808483272790908813e-02 0.000000000000000000e+00
4.631748422980308533e-02 0.000000000000000000e+00 4.631748422980308533e-02 0.000000000000000000e+00
4.566111043095588684e-02 0.000000000000000000e+00 4.566111043095588684e-02 0.000000000000000000e+00
4.006268456578254700e-02 0.000000000000000000e+00 4.006268456578254700e-02 0.000000000000000000e+00
4.626635462045669556e-02 0.000000000000000000e+00 4.626635462045669556e-02 0.000000000000000000e+00
3.898638859391212463e-02 0.000000000000000000e+00 3.898638859391212463e-02 0.000000000000000000e+00
4.148653894662857056e-02 0.000000000000000000e+00 4.148653894662857056e-02 0.000000000000000000e+00
4.026182740926742554e-02 0.000000000000000000e+00 4.026182740926742554e-02 0.000000000000000000e+00
3.766203671693801880e-02 0.000000000000000000e+00 3.766203671693801880e-02 0.000000000000000000e+00
3.766816481947898865e-02 0.000000000000000000e+00 3.766816481947898865e-02 0.000000000000000000e+00
3.148107230663299561e-02 0.000000000000000000e+00 3.148107230663299561e-02 0.000000000000000000e+00
