3.225388824939727783e-01 0.000000000000000000e+00 3.225388824939727783e-01 0.000000000000000000e+00
2.885711789131164551e-01 0.000000000000000000e+00 2.885711789131164551e-01 0.000000000000000000e+00
2.496529966592788696e-01 0.000000000000000000e+00 2.496529966592788696e-01 0.000000000000000000e+00
2.213612794876098633e-01 0.000000000000000000e+00 2.213612794876098633e-01 0.000000000000000000e+00
1.914630681276321411e-01 0.000000000000000000e+00 1.914630681276321411e-01 0.000000000000000000e+00
1.677660048007965088e-01 0.000000000000000000e+00 1.677660048007965088e-01 0.000000000000000000e+00
1.600061357021331787e-01 0.000000000000000000e+00 1.600061357021331787e-01 0.000000000000000000e+00
1.522196531295776367e-01 0.000000000000000000e+00 1.522196531295776367e-01 0.000000000000000000e+00
1.376192718744277954e-01 0.000000000000000000e+00 1.376192718744277954e-01 0.000000000000000000e+00
1.292139440774917603e-01 0.000000000000000000e+00 1.292139440774917603e-01 0.000000000000000000e+00
1.151035130023956299e-01 0.000000000000000000e+00 1.151035130023956299e-01 0.000000000000000000e+00
9.351346641778945923e-02 0.000000000000000000e+00 9.351346641778945923e-02 0.000000000000000000e+00
8.099417388439178467e-02 0.000000000000000000e+00 8.099417388439178467e-02 0.000000000000000000e+00
7.437505573034286499e-02 0.000000000000000000e+00 7.437505573034286499e-02 0.000000000000000000e+00
6.854309886693954468e-02 0.000000000000000000e+00 6.854309886693954468e-02 0.000000000000000000e+00
7.132498919963836670e-02 0.000000000000000000e+00 7.132498919963836670e-02 0.000000000000000000e+00
6.857167929410934448e-02 0.000000000000000000e+00 6.857167929410934448e-02 0.000000000000000000e+00
6.268671900033950806e-02 0.000000000000000000e+00 6.268671900033950806e-02 0.000000000000000000e+00
5.895871296525001526e-02 0.000000000000000000e+00 5.895871296525001526e-02 0.000000000000000000e+00
5.325688049197196960e-02 0.000000000000000000e+00 5.325688049197196960e-02 0.000000000000000000e+00
4.596006870269775391e-02 0.000000000000000000e+00 4.596006870269775391e-02 0.000000000000000000e+00
4.179673641920089722e-02 0.000000000000000000e+00 4.179673641920089722e-02 0.000000000000000000e+00
3.654374554753303528e-02 0.000000000000000000e+00 3.654374554753303528e-02 0.000000000000000000e+00
3.401937335729598999e-02 0.000000000000000000e+00 3.401937335729598999e-02 0.000000000000000000e+00
3.420265018939971924e-02 0.000000000000000000e+00 3.420265018939971924e-02 0.000000000000000000e+00
3.598734736442565918e-02 0.000000000000000000e+00 3.598734736442565918e-02 0.000000000000000000e+00
3.537704050540924072e-02 0.000000000000000000e+00 3.537704050540924072e-02 0.000000000000000000e+00
3.476187214255332947e-02 0.000000000000000000e+00 3.476187214255332947e-02 0.000000000000000000e+00
3.090314380824565887e-02 0.000000000000000000e+00 3.090314380824565887e-02 0.000000000000000000e+00
2.963693626224994659e-02 0.000000000000000000e+00 2.963693626224994659e-02 0.000000000000000000e+00
2.618101611733436584e-02 0.000000000000000000e+00 2.618101611733436584e-02 0.000000000000000000e+00
2.213210985064506531e-02 0.000000000000000000e+00 2.213210985064506531e-02 0.000000000000000000e+00
2.354088239371776581e-02 0.000000000000000000e+00 2.354088239371776581e-02 0.000000000000000000e+00
2.477168478071689606e-02 0.000000000000000000e+00 2.477168478071689606e-02 0.000000000000000000e+00
2.398720197379589081e-02 0.000000000000000000e+00 2.398720197379589081e-02 0.000000000000000000e+00
2.459142915904521942e-02 0.000000000000000000e+00 2.459142915904521942e-02 0.000000000000000000e+00
2.188712172210216522e-02 0.000000000000000000e+00 2.188712172210216522e-02 0.000000000000000000e+00
2.113006822764873505e-02 0.000000000000000000e+00 2.113006822764873505e-02 0.000000000000000000e+00
1.918100006878376007e-02 0.000000000000000000e+00 1.918100006878376007e-02 0.000000000000000000e+00
1.670358702540397644e-02 0.000000000000000000e+00 1.670358702540397644e-02 0.000000000000000000e+00
1.538673136383295059e-02 0.000000000000000000e+00 1.538673136383295059e-02 0.000000000000000000e+00
1.887587085366249084e-02 0.000000000000000000e+00 1.887587085366249084e-02 0.000000000000000000e+00
1.593551784753799438e-02 0.000000000000000000e+00 1.593551784753799438e-02 0.000000000000000000e+00
1.907427236437797546e-02 0.000000000000000000e+00 1.907427236437797546e-02 0.000000000000000000e+00
1.539746858179569244e-02 0.000000000000000000e+00 1.539746858179569244e-02 0.000000000000000000e+00
1.457950193434953690e-02 0.000000000000000000e+00 1.457950193434953690e-02 0.000000000000000000e+00
1.713122613728046417e-02 0.000000000000000000e+00 1.713122613728046417e-02 0.000000000000000000e+00
1.407415512949228287e-02 0.000000000000000000e+00 1.407415512949228287e-02 0.000000000000000000e+00
1.528756879270076752e-02 0.000000000000000000e+00 1.528756879270076752e-02 0.000000000000000000e+00
1.261845510452985764e-02 0.000000000000000000e+00 1.261845510452985764e-02 0.000000000000000000e+00
1.096983440220355988e-02 0.000000000000000000e+00 1.096983440220355988e-02 0.000000000000000000e+00
1.661454513669013977e-02 0.000000000000000000e+00 1.661454513669013977e-02 0.000000000000000000e+00
1.172256376594305038e-02 0.000000000000000000e+00 1.172256376594305038e-02 0.000000000000000000e+00
1.715155877172946930e-02 0.000000000000000000e+00 1.715155877172946930e-02 0.000000000000000000e+00
1.355329900979995728e-02 0.000000000000000000e+00 1.355329900979995728e-02 0.000000000000000000e+00
1.366306468844413757e-02 0.000000000000000000e+00 1.366306468844413757e-02 0.000000000000000000e+00
1.140493527054786682e-02 0.000000000000000000e+00 1.140493527054786682e-02 0.000000000000000000e+00
1.510029286146163940e-02 0.000000000000000000e+00 1.510029286146163940e-02 0.000000000000000000e+00
1.182669121772050858e-02 0.000000000000000000e+00 1.182669121772050858e-02 0.000000000000000000e+00
1.489121653139591217e-02 0.000000000000000000e+00 1.489121653139591217e-02 0.000000000000000000e+00
1.456810720264911652e-02 0.000000000000000000e+00 1.456810720264911652e-02 0.000000000000000000e+00
1.006017439067363739e-02 0.000000000000000000e+00 1.006017439067363739e-02 0.000000000000000000e+00
1.423144247382879257e-02 0.000000000000000000e+00 1.423144247382879257e-02 0.000000000000000000e+00
9.157573804259300232e-03 0.000000000000000000e+00 9.157573804259300232e-03 0.000000000000000000e+00
1.694314554333686829e-02 0.000000000000000000e+00 1.694314554333686829e-02 0.000000000000000000e+00
1.501122117042541504e-02 0.000000000000000000e+00 1.501122117042541504e-02 0.000000000000000000e+00
1.217610016465187073e-02 0.000000000000000000e+00 1.217610016465187073e-02 0.000000000000000000e+00
1.271711196750402451e-02 0.000000000000000000e+00 1.271711196750402451e-02 0.000000000000000000e+00
1.240271423012018204e-02 0.000000000000000000e+00 1.240271423012018204e-02 0.000000000000000000e+00
9.145997464656829834e-03 0.000000000000000000e+00 9.145997464656829834e-03 0.000000000000000000e+00
1.162973511964082718e-02 0.000000000000000000e+00 1.162973511964082718e-02 0.000000000000000000e+00
8.450949564576148987e-03 0.000000000000000000e+00 8.450949564576148987e-03 0.000000000000000000e+00
1.014389749616384506e-02 0.000000000000000000e+00 1.014389749616384506e-02 0.000000000000000000e+00
1.067239325493574142e-02 0.000000000000000000e+00 1.067239325493574142e-02 0.000000000000000000e+00
8.760331198573112488e-03 0.000000000000000000e+00 8.760331198573112488e-03 0.000000000000000000e+00
1.056815125048160553e-02 0.000000000000000000e+00 1.056815125048160553e-02 0.000000000000000000e+00
8.636888116598129272e-03 0.000000000000000000e+00 8.636888116598129272e-03 0.000000000000000000e+00
1.279774308204650879e-02 0.000000000000000000e+00 1.279774308204650879e-02 0.000000000000000000e+00
1.194174773991107941e-02 0.000000000000000000e+00 1.194174773991107941e-02 0.000000000000000000e+00
8.908693678677082062e-03 0.000000000000000000e+00 8.908693678677082062e-03 0.000000000000000000e+00
1.023110654205083847e-02 0.000000000000000000e+00 1.023110654205083847e-02 0.000000000000000000e+00
1.065236795693635941e-02 0.000000000000000000e+00 1.065236795693635941e-02 0.000000000000000000e+00
9.583654813468456268e-03 0.000000000000000000e+00 9.583654813468456268e-03 0.000000000000000000e+00
1.170349400490522385e-02 0.000000000000000000e+00 1.170349400490522385e-02 0.000000000000000000e+00
8.142797276377677917e-03 0.000000000000000000e+00 8.142797276377677917e-03 0.000000000000000000e+00
1.159874349832534790e-02 0.000000000000000000e+00 1.159874349832534790e-02 0.000000000000000000e+00
1.100929267704486847e-02 0.000000000000000000e+00 1.100929267704486847e-02 0.000000000000000000e+00
1.076651923358440399e-02 0.000000000000000000e+00 1.076651923358440399e-02 0.000000000000000000e+00
9.829152375459671021e-03 0.000000000000000000e+00 9.829152375459671021e-03 0.000000000000000000e+00
8.339313790202140808e-03 0.000000000000000000e+00 8.339313790202140808e-03 0.000000000000000000e+00
1.164812408387660980e-02 0.000000000000000000e+00 1.164812408387660980e-02 0.000000000000000000e+00
8.920605294406414032e-03 0.000000000000000000e+00 8.920605294406414032e-03 0.000000000000000000e+00
1.316419802606105804e-02 0.000000000000000000e+00 1.316419802606105804e-02 0.000000000000000000e+00
1.227663177996873856e-02 0.000000000000000000e+00 1.227663177996873856e-02 0.000000000000000000e+00
8.301052264869213104e-03 0.000000000000000000e+00 8.301052264869213104e-03 0.000000000000000000e+00
1.230419147759675980e-02 0.000000000000000000e+00 1.230419147759675980e-02 0.000000000000000000e+00
8.123895153403282166e-03 0.000000000000000000e+00 8.123895153403282166e-03 0.000000000000000000e+00
7.235893979668617249e-03 0.000000000000000000e+00 7.235893979668617249e-03 0.000000000000000000e+00
1.124327257275581360e-02 0.000000000000000000e+00 1.124327257275581360e-02 0.000000000000000000e+00
6.442808080464601517e-03 0.000000000000000000e+00 6.442808080464601517e-03 0.000000000000000000e+00
