9.800688616223851568e-08 3.569156825542449951e-01 1.784578323364257812e+01 0.000000000000000000e+00
2.432058155536651611e-01 1.670507043600082397e-01 8.595741271972656250e+00 0.000000000000000000e+00
3.828953504562377930e-01 1.377995461225509644e-01 7.272872924804687500e+00 0.000000000000000000e+00
4.282718300819396973e-01 1.516329348087310791e-01 8.009919166564941406e+00 0.000000000000000000e+00
4.305900931358337402e-01 1.378833353519439697e-01 7.324757099151611328e+00 0.000000000000000000e+00
4.056794047355651855e-01 1.165959239006042480e-01 6.235475540161132812e+00 0.000000000000000000e+00
3.734803497791290283e-01 1.033006682991981506e-01 5.538513660430908203e+00 0.000000000000000000e+00
3.494693636894226074e-01 1.093492880463600159e-01 5.816933631896972656e+00 0.000000000000000000e+00
3.251470923423767090e-01 1.139498054981231689e-01 6.022637367248535156e+00 0.000000000000000000e+00
3.039222061634063721e-01 1.123592555522918701e-01 5.921885013580322266e+00 0.000000000000000000e+00
2.915444970130920410e-01 9.913642704486846924e-02 5.248365879058837891e+00 0.000000000000000000e+00
2.880361080169677734e-01 8.944911509752273560e-02 4.760492324829101562e+00 0.000000000000000000e+00
2.894696295261383057e-01 8.720241487026214600e-02 4.649590492248535156e+00 0.000000000000000000e+00
2.921031117439270020e-01 8.537171781063079834e-02 4.560688972473144531e+00 0.000000000000000000e+00
2.935836315155029297e-01 8.380222320556640625e-02 4.483695030212402344e+00 0.000000000000000000e+00
2.925208508968353271e-01 8.204133808612823486e-02 4.394587993621826172e+00 0.000000000000000000e+00
2.902198135852813721e-01 8.187031000852584839e-02 4.383735179901123047e+00 0.000000000000000000e+00
2.883925437927246094e-01 8.485415577888488770e-02 4.531100273132324219e+00 0.000000000000000000e+00
2.838100194931030273e-01 8.544657379388809204e-02 4.556138992309570312e+00 0.000000000000000000e+00
2.723112702369689941e-01 8.154398947954177856e-02 4.349510669708251953e+00 0.000000000000000000e+00
2.666861116886138916e-01 7.965399324893951416e-02 4.249385833740234375e+00 0.000000000000000000e+00
2.629334330558776855e-01 7.179458439350128174e-02 3.852662801742553711e+00 0.000000000000000000e+00
2.531555891036987305e-01 6.925658136606216431e-02 3.715984821319580078e+00 0.000000000000000000e+00
2.577493786811828613e-01 6.781278550624847412e-02 3.648388624191284180e+00 0.000000000000000000e+00
2.564782202243804932e-01 6.678169220685958862e-02 3.595562934875488281e+00 0.000000000000000000e+00
2.580724060535430908e-01 6.429933011531829834e-02 3.473038911819458008e+00 0.000000000000000000e+00
2.605848610401153564e-01 6.300128996372222900e-02 3.410649299621582031e+00 0.000000000000000000e+00
2.645937800407409668e-01 5.912489444017410278e-02 3.220838546752929688e+00 0.000000000000000000e+00
2.657911777496337891e-01 5.940184369683265686e-02 3.235883474349975586e+00 0.000000000000000000e+00
2.678076922893524170e-01 5.801477655768394470e-02 3.168546438217163086e+00 0.000000000000000000e+00
2.758719921112060547e-01 5.540408566594123840e-02 3.046076297760009766e+00 0.000000000000000000e+00
2.784424722194671631e-01 5.249268189072608948e-02 2.903076410293579102e+00 0.000000000000000000e+00
2.803132236003875732e-01 5.085740238428115845e-02 2.823183298110961914e+00 0.000000000000000000e+00
2.796692252159118652e-01 4.975787177681922913e-02 2.767562866210937500e+00 0.000000000000000000e+00
2.796446084976196289e-01 4.601640999317169189e-02 2.580465316772460938e+00 0.000000000000000000e+00
2.832333445549011230e-01 4.996461421251296997e-02 2.781464099884033203e+00 0.000000000000000000e+00
2.786690592765808105e-01 4.730627313256263733e-02 2.643982887268066406e+00 0.000000000000000000e+00
2.731552720069885254e-01 4.361844435334205627e-02 2.454077482223510742e+00 0.000000000000000000e+00
2.683921754360198975e-01 3.894890844821929932e-02 2.215837478637695312e+00 0.000000000000000000e+00
2.638915777206420898e-01 3.815316036343574524e-02 2.171549558639526367e+00 0.000000000000000000e+00
2.630263864994049072e-01 3.687601163983345032e-02 2.106827020645141602e+00 0.000000000000000000e+00
2.604880332946777344e-01 3.401445597410202026e-02 1.961210846900939941e+00 0.000000000000000000e+00
2.564465701580047607e-01 3.023292124271392822e-02 1.768092632293701172e+00 0.000000000000000000e+00
2.466217577457427979e-01 3.397370874881744385e-02 1.945307135581970215e+00 0.000000000000000000e+00
2.476508021354675293e-01 2.685748413205146790e-02 1.590524911880493164e+00 0.000000000000000000e+00
2.533101737499237061e-01 2.293152175843715668e-02 1.399886250495910645e+00 0.000000000000000000e+00
2.515734732151031494e-01 1.928489096462726593e-02 1.215818047523498535e+00 0.000000000000000000e+00
2.475884556770324707e-01 1.837280206382274628e-02 1.166228532791137695e+00 0.000000000000000000e+00
2.586091756820678711e-01 1.709432154893875122e-02 1.113325238227844238e+00 0.000000000000000000e+00
2.590857446193695068e-01 1.361650321632623672e-02 9.399108886718750000e-01 0.000000000000000000e+00
