3.500669598579406738e-01 0.000000000000000000e+00 3.500669598579406738e-01 0.000000000000000000e+00
3.083366453647613525e-01 0.000000000000000000e+00 3.083366453647613525e-01 0.000000000000000000e+00
2.491640597581863403e-01 0.000000000000000000e+00 2.491640597581863403e-01 0.000000000000000000e+00
2.051805704832077026e-01 0.000000000000000000e+00 2.051805704832077026e-01 0.000000000000000000e+00
1.808989346027374268e-01 0.000000000000000000e+00 1.808989346027374268e-01 0.000000000000000000e+00
1.743312478065490723e-01 0.000000000000000000e+00 1.743312478065490723e-01 0.000000000000000000e+00
1.640072613954544067e-01 0.000000000000000000e+00 1.640072613954544067e-01 0.000000000000000000e+00
1.404813826084136963e-01 0.000000000000000000e+00 1.404813826084136963e-01 0.000000000000000000e+00
1.259003281593322754e-01 0.000000000000000000e+00 1.259003281593322754e-01 0.000000000000000000e+00
1.180136874318122864e-01 0.000000000000000000e+00 1.180136874318122864e-01 0.000000000000000000e+00
1.062858849763870239e-01 0.000000000000000000e+00 1.062858849763870239e-01 0.000000000000000000e+00
1.082225069403648376e-01 0.000000000000000000e+00 1.082225069403648376e-01 0.000000000000000000e+00
1.107569187879562378e-01 0.000000000000000000e+00 1.107569187879562378e-01 0.000000000000000000e+00
1.060717776417732239e-01 0.000000000000000000e+00 1.060717776417732239e-01 0.000000000000000000e+00
9.880320727825164795e-02 0.000000000000000000e+00 9.880320727825164795e-02 0.000000000000000000e+00
9.293079376220703125e-02 0.000000000000000000e+00 9.293079376220703125e-02 0.000000000000000000e+00
8.595884591341018677e-02 0.000000000000000000e+00 8.595884591341018677e-02 0.000000000000000000e+00
8.056981861591339111e-02 0.000000000000000000e+00 8.056981861591339111e-02 0.000000000000000000e+00
7.865443080663681030e-02 0.000000000000000000e+00 7.865443080663681030e-02 0.000000000000000000e+00
7.999494671821594238e-02 0.000000000000000000e+00 7.999494671821594238e-02 0.000000000000000000e+00
8.075392991304397583e-02 0.000000000000000000e+00 8.075392991304397583e-02 0.000000000000000000e+00
8.020094037055969238e-02 0.000000000000000000e+00 8.020094037055969238e-02 0.000000000000000000e+00
7.853753119707107544e-02 0.000000000000000000e+00 7.853753119707107544e-02 0.000000000000000000e+00
7.517660409212112427e-02 0.000000000000000000e+00 7.517660409212112427e-02 0.000000000000000000e+00
7.037066668272018433e-02 0.000000000000000000e+00 7.037066668272018433e-02 0.000000000000000000e+00
6.594941765069961548e-02 0.000000000000000000e+00 6.594941765069961548e-02 0.000000000000000000e+00
6.439448148012161255e-02 0.000000000000000000e+00 6.439448148012161255e-02 0.000000000000000000e+00
6.304533779621124268e-02 0.000000000000000000e+00 6.304533779621124268e-02 0.000000000000000000e+00
6.343889981508255005e-02 0.000000000000000000e+00 6.343889981508255005e-02 0.000000000000000000e+00
6.202579662203788757e-02 0.000000000000000000e+00 6.202579662203788757e-02 0.000000000000000000e+00
6.069553270936012268e-02 0.000000000000000000e+00 6.069553270936012268e-02 0.000000000000000000e+00
5.760003998875617981e-02 0.000000000000000000e+00 5.760003998875617981e-02 0.000000000000000000e+00
5.410692095756530762e-02 0.000000000000000000e+00 5.410692095756530762e-02 0.000000000000000000e+00
5.067011713981628418e-02 0.000000000000000000e+00 5.067011713981628418e-02 0.000000000000000000e+00
4.870964214205741882e-02 0.000000000000000000e+00 4.870964214205741882e-02 0.000000000000000000e+00
4.717863723635673523e-02 0.000000000000000000e+00 4.717863723635673523e-02 0.000000000000000000e+00
4.502221196889877319e-02 0.000000000000000000e+00 4.502221196889877319e-02 0.000000000000000000e+00
4.368598386645317078e-02 0.000000000000000000e+00 4.368598386645317078e-02 0.000000000000000000e+00
4.297382384538650513e-02 0.000000000000000000e+00 4.297382384538650513e-02 0.000000000000000000e+00
3.965969756245613098e-02 0.000000000000000000e+00 3.965969756245613098e-02 0.000000000000000000e+00
3.736522421240806580e-02 0.000000000000000000e+00 3.736522421240806580e-02 0.000000000000000000e+00
3.795080631971359253e-02 0.000000000000000000e+00 3.795080631971359253e-02 0.000000000000000000e+00
4.031894728541374207e-02 0.000000000000000000e+00 4.031894728541374207e-02 0.000000000000000000e+00
3.555709868669509888e-02 0.000000000000000000e+00 3.555709868669509888e-02 0.000000000000000000e+00
3.053458966314792633e-02 0.000000000000000000e+00 3.053458966314792633e-02 0.000000000000000000e+00
3.346293792128562927e-02 0.000000000000000000e+00 3.346293792128562927e-02 0.000000000000000000e+00
3.558377176523208618e-02 0.000000000000000000e+00 3.558377176523208618e-02 0.000000000000000000e+00
2.879107743501663208e-02 0.000000000000000000e+00 2.879107743501663208e-02 0.000000000000000000e+00
2.685155905783176422e-02 0.000000000000000000e+00 2.685155905783176422e-02 0.000000000000000000e+00
2.606166899204254150e-02 0.000000000000000000e+00 2.606166899204254150e-02 0.000000000000000000e+00
2.865976840257644653e-02 0.000000000000000000e+00 2.865976840257644653e-02 0.000000000000000000e+00
3.402768820524215698e-02 0.000000000000000000e+00 3.402768820524215698e-02 0.000000000000000000e+00
2.486372552812099457e-02 0.000000000000000000e+00 2.486372552812099457e-02 0.000000000000000000e+00
2.416631765663623810e-02 0.000000000000000000e+00 2.416631765663623810e-02 0.000000000000000000e+00
2.672124095261096954e-02 0.000000000000000000e+00 2.672124095261096954e-02 0.000000000000000000e+00
2.404029853641986847e-02 0.000000000000000000e+00 2.404029853641986847e-02 0.000000000000000000e+00
2.600689977407455444e-02 0.000000000000000000e+00 2.600689977407455444e-02 0.000000000000000000e+00
2.861010842025279999e-02 0.000000000000000000e+00 2.861010842025279999e-02 0.000000000000000000e+00
2.435289137065410614e-02 0.000000000000000000e+00 2.435289137065410614e-02 0.000000000000000000e+00
2.283606119453907013e-02 0.000000000000000000e+00 2.283606119453907013e-02 0.000000000000000000e+00
2.526714839041233063e-02 0.000000000000000000e+00 2.526714839041233063e-02 0.000000000000000000e+00
2.116469107568264008e-02 0.000000000000000000e+00 2.116469107568264008e-02 0.000000000000000000e+00
2.063856832683086395e-02 0.000000000000000000e+00 2.063856832683086395e-02 0.000000000000000000e+00
2.301601320505142212e-02 0.000000000000000000e+00 2.301601320505142212e-02 0.000000000000000000e+00
2.316555567085742950e-02 0.000000000000000000e+00 2.316555567085742950e-02 0.000000000000000000e+00
2.658365294337272644e-02 0.000000000000000000e+00 2.658365294337272644e-02 0.000000000000000000e+00
2.108180709183216095e-02 0.000000000000000000e+00 2.108180709183216095e-02 0.000000000000000000e+00
2.391739934682846069e-02 0.000000000000000000e+00 2.391739934682846069e-02 0.000000000000000000e+00
2.030853182077407837e-02 0.000000000000000000e+00 2.030853182077407837e-02 0.000000000000000000e+00
1.945795863866806030e-02 0.000000000000000000e+00 1.945795863866806030e-02 0.000000000000000000e+00
2.084242179989814758e-02 0.000000000000000000e+00 2.084242179989814758e-02 0.000000000000000000e+00
2.335987240076065063e-02 0.000000000000000000e+00 2.335987240076065063e-02 0.000000000000000000e+00
1.964142732322216034e-02 0.000000000000000000e+00 1.964142732322216034e-02 0.000000000000000000e+00
2.398759685456752777e-02 0.000000000000000000e+00 2.398759685456752777e-02 0.000000000000000000e+00
2.203125506639480591e-02 0.000000000000000000e+00 2.203125506639480591e-02 0.000000000000000000e+00
1.816487312316894531e-02 0.000000000000000000e+00 1.816487312316894531e-02 0.000000000000000000e+00
2.026050351560115814e-02 0.000000000000000000e+00 2.026050351560115814e-02 0.000000000000000000e+00
2.501035295426845551e-02 0.000000000000000000e+00 2.501035295426845551e-02 0.000000000000000000e+00
1.563958451151847839e-02 0.000000000000000000e+00 1.563958451151847839e-02 0.000000000000000000e+00
2.308997139334678650e-02 0.000000000000000000e+00 2.308997139334678650e-02 0.000000000000000000e+00
2.471274323761463165e-02 0.000000000000000000e+00 2.471274323761463165e-02 0.000000000000000000e+00
1.794292777776718140e-02 0.000000000000000000e+00 1.794292777776718140e-02 0.000000000000000000e+00
2.445150353014469147e-02 0.000000000000000000e+00 2.445150353014469147e-02 0.000000000000000000e+00
1.773352175951004028e-02 0.000000000000000000e+00 1.773352175951004028e-02 0.000000000000000000e+00
1.868296414613723755e-02 0.000000000000000000e+00 1.868296414613723755e-02 0.000000000000000000e+00
2.189508453011512756e-02 0.000000000000000000e+00 2.189508453011512756e-02 0.000000000000000000e+00
1.567823812365531921e-02 0.000000000000000000e+00 1.567823812365531921e-02 0.000000000000000000e+00
1.446582935750484467e-02 0.000000000000000000e+00 1.446582935750484467e-02 0.000000000000000000e+00
1.547592412680387497e-02 0.000000000000000000e+00 1.547592412680387497e-02 0.000000000000000000e+00
2.024503052234649658e-02 0.000000000000000000e+00 2.024503052234649658e-02 0.000000000000000000e+00
2.358958311378955841e-02 0.000000000000000000e+00 2.358958311378955841e-02 0.000000000000000000e+00
1.618871279060840607e-02 0.000000000000000000e+00 1.618871279060840607e-02 0.000000000000000000e+00
1.606744341552257538e-02 0.000000000000000000e+00 1.606744341552257538e-02 0.000000000000000000e+00
1.935365796089172363e-02 0.000000000000000000e+00 1.935365796089172363e-02 0.000000000000000000e+00
2.404054626822471619e-02 0.000000000000000000e+00 2.404054626822471619e-02 0.000000000000000000e+00
1.886787265539169312e-02 0.000000000000000000e+00 1.886787265539169312e-02 0.000000000000000000e+00
2.619514055550098419e-02 0.000000000000000000e+00 2.619514055550098419e-02 0.000000000000000000e+00
1.790976710617542267e-02 0.000000000000000000e+00 1.790976710617542267e-02 0.000000000000000000e+00
2.808058261871337891e-02 0.000000000000000000e+00 2.808058261871337891e-02 0.000000000000000000e+00
2.260132320225238800e-02 0.000000000000000000e+00 2.260132320225238800e-02 0.000000000000000000e+00
