7.438720464706420898e-01 0.000000000000000000e+00 7.438720464706420898e-01 0.000000000000000000e+00
6.272763609886169434e-01 0.000000000000000000e+00 6.272763609886169434e-01 0.000000000000000000e+00
5.842573642730712891e-01 0.000000000000000000e+00 5.842573642730712891e-01 0.000000000000000000e+00
5.422323346138000488e-01 0.000000000000000000e+00 5.422323346138000488e-01 0.000000000000000000e+00
5.050338506698608398e-01 0.000000000000000000e+00 5.050338506698608398e-01 0.000000000000000000e+00
4.716990590095520020e-01 0.000000000000000000e+00 4.716990590095520020e-01 0.000000000000000000e+00
4.406105875968933105e-01 0.000000000000000000e+00 4.406105875968933105e-01 0.000000000000000000e+00
4.284685850143432617e-01 0.000000000000000000e+00 4.284685850143432617e-01 0.000000000000000000e+00
4.202618002891540527e-01 0.000000000000000000e+00 4.202618002891540527e-01 0.000000000000000000e+00
4.049321413040161133e-01 0.000000000000000000e+00 4.049321413040161133e-01 0.000000000000000000e+00
3.896190226078033447e-01 0.000000000000000000e+00 3.896190226078033447e-01 0.000000000000000000e+00
3.718906044960021973e-01 0.000000000000000000e+00 3.718906044960021973e-01 0.000000000000000000e+00
3.501593470573425293e-01 0.000000000000000000e+00 3.501593470573425293e-01 0.000000000000000000e+00
3.302996754646301270e-01 0.000000000000000000e+00 3.302996754646301270e-01 0.000000000000000000e+00
3.113192319869995117e-01 0.000000000000000000e+00 3.113192319869995117e-01 0.000000000000000000e+00
3.014346957206726074e-01 0.000000000000000000e+00 3.014346957206726074e-01 0.000000000000000000e+00
2.991402447223663330e-01 0.000000000000000000e+00 2.991402447223663330e-01 0.000000000000000000e+00
2.956460416316986084e-01 0.000000000000000000e+00 2.956460416316986084e-01 0.000000000000000000e+00
2.912999093532562256e-01 0.000000000000000000e+00 2.912999093532562256e-01 0.000000000000000000e+00
2.823120355606079102e-01 0.000000000000000000e+00 2.823120355606079102e-01 0.000000000000000000e+00
2.745884358882904053e-01 0.000000000000000000e+00 2.745884358882904053e-01 0.000000000000000000e+00
2.707966268062591553e-01 0.000000000000000000e+00 2.707966268062591553e-01 0.000000000000000000e+00
2.690951526165008545e-01 0.000000000000000000e+00 2.690951526165008545e-01 0.000000000000000000e+00
2.658815979957580566e-01 0.000000000000000000e+00 2.658815979957580566e-01 0.000000000000000000e+00
2.579682469367980957e-01 0.000000000000000000e+00 2.579682469367980957e-01 0.000000000000000000e+00
2.530954480171203613e-01 0.000000000000000000e+00 2.530954480171203613e-01 0.000000000000000000e+00
2.515636086463928223e-01 0.000000000000000000e+00 2.515636086463928223e-01 0.000000000000000000e+00
2.517832517623901367e-01 0.000000000000000000e+00 2.517832517623901367e-01 0.000000000000000000e+00
2.515380978584289551e-01 0.000000000000000000e+00 2.515380978584289551e-01 0.000000000000000000e+00
2.490503489971160889e-01 0.000000000000000000e+00 2.490503489971160889e-01 0.000000000000000000e+00
2.456852346658706665e-01 0.000000000000000000e+00 2.456852346658706665e-01 0.000000000000000000e+00
2.413864880800247192e-01 0.000000000000000000e+00 2.413864880800247192e-01 0.000000000000000000e+00
2.376431971788406372e-01 0.000000000000000000e+00 2.376431971788406372e-01 0.000000000000000000e+00
2.346687763929367065e-01 0.000000000000000000e+00 2.346687763929367065e-01 0.000000000000000000e+00
2.325762808322906494e-01 0.000000000000000000e+00 2.325762808322906494e-01 0.000000000000000000e+00
2.310466021299362183e-01 0.000000000000000000e+00 2.310466021299362183e-01 0.000000000000000000e+00
2.297618836164474487e-01 0.000000000000000000e+00 2.297618836164474487e-01 0.000000000000000000e+00
2.283935099840164185e-01 0.000000000000000000e+00 2.283935099840164185e-01 0.000000000000000000e+00
2.259305119514465332e-01 0.000000000000000000e+00 2.259305119514465332e-01 0.000000000000000000e+00
2.225288152694702148e-01 0.000000000000000000e+00 2.225288152694702148e-01 0.000000000000000000e+00
2.193263769149780273e-01 0.000000000000000000e+00 2.193263769149780273e-01 0.000000000000000000e+00
2.175871133804321289e-01 0.000000000000000000e+00 2.175871133804321289e-01 0.000000000000000000e+00
2.167234569787979126e-01 0.000000000000000000e+00 2.167234569787979126e-01 0.000000000000000000e+00
2.158102393150329590e-01 0.000000000000000000e+00 2.158102393150329590e-01 0.000000000000000000e+00
2.147751450538635254e-01 0.000000000000000000e+00 2.147751450538635254e-01 0.000000000000000000e+00
2.137324362993240356e-01 0.000000000000000000e+00 2.137324362993240356e-01 0.000000000000000000e+00
2.123534381389617920e-01 0.000000000000000000e+00 2.123534381389617920e-01 0.000000000000000000e+00
2.107488065958023071e-01 0.000000000000000000e+00 2.107488065958023071e-01 0.000000000000000000e+00
2.094206660985946655e-01 0.000000000000000000e+00 2.094206660985946655e-01 0.000000000000000000e+00
2.082326561212539673e-01 0.000000000000000000e+00 2.082326561212539673e-01 0.000000000000000000e+00
2.068881094455718994e-01 0.000000000000000000e+00 2.068881094455718994e-01 0.000000000000000000e+00
2.054995745420455933e-01 0.000000000000000000e+00 2.054995745420455933e-01 0.000000000000000000e+00
2.043458968400955200e-01 0.000000000000000000e+00 2.043458968400955200e-01 0.000000000000000000e+00
2.030565887689590454e-01 0.000000000000000000e+00 2.030565887689590454e-01 0.000000000000000000e+00
2.015572041273117065e-01 0.000000000000000000e+00 2.015572041273117065e-01 0.000000000000000000e+00
2.001424282789230347e-01 0.000000000000000000e+00 2.001424282789230347e-01 0.000000000000000000e+00
1.988077312707901001e-01 0.000000000000000000e+00 1.988077312707901001e-01 0.000000000000000000e+00
1.975007206201553345e-01 0.000000000000000000e+00 1.975007206201553345e-01 0.000000000000000000e+00
1.962810009717941284e-01 0.000000000000000000e+00 1.962810009717941284e-01 0.000000000000000000e+00
1.950497180223464966e-01 0.000000000000000000e+00 1.950497180223464966e-01 0.000000000000000000e+00
1.936726570129394531e-01 0.000000000000000000e+00 1.936726570129394531e-01 0.000000000000000000e+00
1.923322528600692749e-01 0.000000000000000000e+00 1.923322528600692749e-01 0.000000000000000000e+00
1.910364925861358643e-01 0.000000000000000000e+00 1.910364925861358643e-01 0.000000000000000000e+00
1.897199600934982300e-01 0.000000000000000000e+00 1.897199600934982300e-01 0.000000000000000000e+00
1.886179149150848389e-01 0.000000000000000000e+00 1.886179149150848389e-01 0.000000000000000000e+00
1.875691860914230347e-01 0.000000000000000000e+00 1.875691860914230347e-01 0.000000000000000000e+00
1.866084486246109009e-01 0.000000000000000000e+00 1.866084486246109009e-01 0.000000000000000000e+00
1.856191307306289673e-01 0.000000000000000000e+00 1.856191307306289673e-01 0.000000000000000000e+00
1.847532987594604492e-01 0.000000000000000000e+00 1.847532987594604492e-01 0.000000000000000000e+00
1.843718290328979492e-01 0.000000000000000000e+00 1.843718290328979492e-01 0.000000000000000000e+00
1.835731565952301025e-01 0.000000000000000000e+00 1.835731565952301025e-01 0.000000000000000000e+00
1.829698383808135986e-01 0.000000000000000000e+00 1.829698383808135986e-01 0.000000000000000000e+00
1.811816543340682983e-01 0.000000000000000000e+00 1.811816543340682983e-01 0.000000000000000000e+00
1.806123852729797363e-01 0.000000000000000000e+00 1.806123852729797363e-01 0.000000000000000000e+00
1.809370368719100952e-01 0.000000000000000000e+00 1.809370368719100952e-01 0.000000000000000000e+00
1.790471076965332031e-01 0.000000000000000000e+00 1.790471076965332031e-01 0.000000000000000000e+00
1.781298220157623291e-01 0.000000000000000000e+00 1.781298220157623291e-01 0.000000000000000000e+00
1.780958920717239380e-01 0.000000000000000000e+00 1.780958920717239380e-01 0.000000000000000000e+00
1.770959794521331787e-01 0.000000000000000000e+00 1.770959794521331787e-01 0.000000000000000000e+00
1.764276921749114990e-01 0.000000000000000000e+00 1.764276921749114990e-01 0.000000000000000000e+00
1.748955547809600830e-01 0.000000000000000000e+00 1.748955547809600830e-01 0.000000000000000000e+00
1.746731698513031006e-01 0.000000000000000000e+00 1.746731698513031006e-01 0.000000000000000000e+00
1.753333806991577148e-01 0.000000000000000000e+00 1.753333806991577148e-01 0.000000000000000000e+00
1.730491966009140015e-01 0.000000000000000000e+00 1.730491966009140015e-01 0.000000000000000000e+00
1.721363514661788940e-01 0.000000000000000000e+00 1.721363514661788940e-01 0.000000000000000000e+00
1.724151074886322021e-01 0.000000000000000000e+00 1.724151074886322021e-01 0.000000000000000000e+00
1.713684499263763428e-01 0.000000000000000000e+00 1.713684499263763428e-01 0.000000000000000000e+00
1.702239364385604858e-01 0.000000000000000000e+00 1.702239364385604858e-01 0.000000000000000000e+00
1.694772690534591675e-01 0.000000000000000000e+00 1.694772690534591675e-01 0.000000000000000000e+00
1.690808534622192383e-01 0.000000000000000000e+00 1.690808534622192383e-01 0.000000000000000000e+00
1.691320091485977173e-01 0.000000000000000000e+00 1.691320091485977173e-01 0.000000000000000000e+00
1.680461466312408447e-01 0.000000000000000000e+00 1.680461466312408447e-01 0.000000000000000000e+00
1.671065390110015869e-01 0.000000000000000000e+00 1.671065390110015869e-01 0.000000000000000000e+00
1.663533747196197510e-01 0.000000000000000000e+00 1.663533747196197510e-01 0.000000000000000000e+00
1.660293787717819214e-01 0.000000000000000000e+00 1.660293787717819214e-01 0.000000000000000000e+00
1.658053398132324219e-01 0.000000000000000000e+00 1.658053398132324219e-01 0.000000000000000000e+00
1.649937182664871216e-01 0.000000000000000000e+00 1.649937182664871216e-01 0.000000000000000000e+00
1.641680002212524414e-01 0.000000000000000000e+00 1.641680002212524414e-01 0.000000000000000000e+00
1.634507179260253906e-01 0.000000000000000000e+00 1.634507179260253906e-01 0.000000000000000000e+00
1.630973666906356812e-01 0.000000000000000000e+00 1.630973666906356812e-01 0.000000000000000000e+00
