8.064141869544982910e-01 0.000000000000000000e+00 8.064141869544982910e-01 0.000000000000000000e+00
6.793377399444580078e-01 0.000000000000000000e+00 6.793377399444580078e-01 0.000000000000000000e+00
6.243939399719238281e-01 0.000000000000000000e+00 6.243939399719238281e-01 0.000000000000000000e+00
5.685784816741943359e-01 0.000000000000000000e+00 5.685784816741943359e-01 0.000000000000000000e+00
5.037485361099243164e-01 0.000000000000000000e+00 5.037485361099243164e-01 0.000000000000000000e+00
4.314191043376922607e-01 0.000000000000000000e+00 4.314191043376922607e-01 0.000000000000000000e+00
3.949346244335174561e-01 0.000000000000000000e+00 3.949346244335174561e-01 0.000000000000000000e+00
3.698172867298126221e-01 0.000000000000000000e+00 3.698172867298126221e-01 0.000000000000000000e+00
3.508747518062591553e-01 0.000000000000000000e+00 3.508747518062591553e-01 0.000000000000000000e+00
3.259648084640502930e-01 0.000000000000000000e+00 3.259648084640502930e-01 0.000000000000000000e+00
2.980299592018127441e-01 0.000000000000000000e+00 2.980299592018127441e-01 0.000000000000000000e+00
2.619298994541168213e-01 0.000000000000000000e+00 2.619298994541168213e-01 0.000000000000000000e+00
2.248770147562026978e-01 0.000000000000000000e+00 2.248770147562026978e-01 0.000000000000000000e+00
2.014783620834350586e-01 0.000000000000000000e+00 2.014783620834350586e-01 0.000000000000000000e+00
1.861339509487152100e-01 0.000000000000000000e+00 1.861339509487152100e-01 0.000000000000000000e+00
1.734891086816787720e-01 0.000000000000000000e+00 1.734891086816787720e-01 0.000000000000000000e+00
1.676892638206481934e-01 0.000000000000000000e+00 1.676892638206481934e-01 0.000000000000000000e+00
1.629221141338348389e-01 0.000000000000000000e+00 1.629221141338348389e-01 0.000000000000000000e+00
1.572942882776260376e-01 0.000000000000000000e+00 1.572942882776260376e-01 0.000000000000000000e+00
1.465324163436889648e-01 0.000000000000000000e+00 1.465324163436889648e-01 0.000000000000000000e+00
1.318130344152450562e-01 0.000000000000000000e+00 1.318130344152450562e-01 0.000000000000000000e+00
1.191646009683609009e-01 0.000000000000000000e+00 1.191646009683609009e-01 0.000000000000000000e+00
1.066157519817352295e-01 0.000000000000000000e+00 1.066157519817352295e-01 0.000000000000000000e+00
9.814062714576721191e-02 0.000000000000000000e+00 9.814062714576721191e-02 0.000000000000000000e+00
9.593908488750457764e-02 0.000000000000000000e+00 9.593908488750457764e-02 0.000000000000000000e+00
1.018943041563034058e-01 0.000000000000000000e+00 1.018943041563034058e-01 0.000000000000000000e+00
1.053646206855773926e-01 0.000000000000000000e+00 1.053646206855773926e-01 0.000000000000000000e+00
1.031351983547210693e-01 0.000000000000000000e+00 1.031351983547210693e-01 0.000000000000000000e+00
1.084615960717201233e-01 0.000000000000000000e+00 1.084615960717201233e-01 0.000000000000000000e+00
1.024836599826812744e-01 0.000000000000000000e+00 1.024836599826812744e-01 0.000000000000000000e+00
1.009336486458778381e-01 0.000000000000000000e+00 1.009336486458778381e-01 0.000000000000000000e+00
8.876230567693710327e-02 0.000000000000000000e+00 8.876230567693710327e-02 0.000000000000000000e+00
8.334812521934509277e-02 0.000000000000000000e+00 8.334812521934509277e-02 0.000000000000000000e+00
6.761297583580017090e-02 0.000000000000000000e+00 6.761297583580017090e-02 0.000000000000000000e+00
7.236823439598083496e-02 0.000000000000000000e+00 7.236823439598083496e-02 0.000000000000000000e+00
6.437482684850692749e-02 0.000000000000000000e+00 6.437482684850692749e-02 0.000000000000000000e+00
7.965717464685440063e-02 0.000000000000000000e+00 7.965717464685440063e-02 0.000000000000000000e+00
7.883772999048233032e-02 0.000000000000000000e+00 7.883772999048233032e-02 0.000000000000000000e+00
6.858819723129272461e-02 0.000000000000000000e+00 6.858819723129272461e-02 0.000000000000000000e+00
7.298817485570907593e-02 0.000000000000000000e+00 7.298817485570907593e-02 0.000000000000000000e+00
6.099572032690048218e-02 0.000000000000000000e+00 6.099572032690048218e-02 0.000000000000000000e+00
6.436939537525177002e-02 0.000000000000000000e+00 6.436939537525177002e-02 0.000000000000000000e+00
5.771865695714950562e-02 0.000000000000000000e+00 5.771865695714950562e-02 0.000000000000000000e+00
5.357360839843750000e-02 0.000000000000000000e+00 5.357360839843750000e-02 0.000000000000000000e+00
5.343840643763542175e-02 0.000000000000000000e+00 5.343840643763542175e-02 0.000000000000000000e+00
5.199144408106803894e-02 0.000000000000000000e+00 5.199144408106803894e-02 0.000000000000000000e+00
4.989268630743026733e-02 0.000000000000000000e+00 4.989268630743026733e-02 0.000000000000000000e+00
4.463402181863784790e-02 0.000000000000000000e+00 4.463402181863784790e-02 0.000000000000000000e+00
4.194016754627227783e-02 0.000000000000000000e+00 4.194016754627227783e-02 0.000000000000000000e+00
4.201357066631317139e-02 0.000000000000000000e+00 4.201357066631317139e-02 0.000000000000000000e+00
3.821374103426933289e-02 0.000000000000000000e+00 3.821374103426933289e-02 0.000000000000000000e+00
4.056448861956596375e-02 0.000000000000000000e+00 4.056448861956596375e-02 0.000000000000000000e+00
3.429824486374855042e-02 0.000000000000000000e+00 3.429824486374855042e-02 0.000000000000000000e+00
3.405866399407386780e-02 0.000000000000000000e+00 3.405866399407386780e-02 0.000000000000000000e+00
3.129434585571289062e-02 0.000000000000000000e+00 3.129434585571289062e-02 0.000000000000000000e+00
2.934173494577407837e-02 0.000000000000000000e+00 2.934173494577407837e-02 0.000000000000000000e+00
2.964186854660511017e-02 0.000000000000000000e+00 2.964186854660511017e-02 0.000000000000000000e+00
3.099140711128711700e-02 0.000000000000000000e+00 3.099140711128711700e-02 0.000000000000000000e+00
2.607495337724685669e-02 0.000000000000000000e+00 2.607495337724685669e-02 0.000000000000000000e+00
2.444075606763362885e-02 0.000000000000000000e+00 2.444075606763362885e-02 0.000000000000000000e+00
2.475172467529773712e-02 0.000000000000000000e+00 2.475172467529773712e-02 0.000000000000000000e+00
2.545298635959625244e-02 0.000000000000000000e+00 2.545298635959625244e-02 0.000000000000000000e+00
2.466837316751480103e-02 0.000000000000000000e+00 2.466837316751480103e-02 0.000000000000000000e+00
2.104880101978778839e-02 0.000000000000000000e+00 2.104880101978778839e-02 0.000000000000000000e+00
2.234874665737152100e-02 0.000000000000000000e+00 2.234874665737152100e-02 0.000000000000000000e+00
2.252312749624252319e-02 0.000000000000000000e+00 2.252312749624252319e-02 0.000000000000000000e+00
2.060256525874137878e-02 0.000000000000000000e+00 2.060256525874137878e-02 0.000000000000000000e+00
2.464703284204006195e-02 0.000000000000000000e+00 2.464703284204006195e-02 0.000000000000000000e+00
2.833320945501327515e-02 0.000000000000000000e+00 2.833320945501327515e-02 0.000000000000000000e+00
2.333830669522285461e-02 0.000000000000000000e+00 2.333830669522285461e-02 0.000000000000000000e+00
1.996080577373504639e-02 0.000000000000000000e+00 1.996080577373504639e-02 0.000000000000000000e+00
2.287498861551284790e-02 0.000000000000000000e+00 2.287498861551284790e-02 0.000000000000000000e+00
2.990367636084556580e-02 0.000000000000000000e+00 2.990367636084556580e-02 0.000000000000000000e+00
1.639230176806449890e-02 0.000000000000000000e+00 1.639230176806449890e-02 0.000000000000000000e+00
2.139347046613693237e-02 0.000000000000000000e+00 2.139347046613693237e-02 0.000000000000000000e+00
2.313178777694702148e-02 0.000000000000000000e+00 2.313178777694702148e-02 0.000000000000000000e+00
1.856462284922599792e-02 0.000000000000000000e+00 1.856462284922599792e-02 0.000000000000000000e+00
1.614150032401084900e-02 0.000000000000000000e+00 1.614150032401084900e-02 0.000000000000000000e+00
1.543355360627174377e-02 0.000000000000000000e+00 1.543355360627174377e-02 0.000000000000000000e+00
1.592436060309410095e-02 0.000000000000000000e+00 1.592436060309410095e-02 0.000000000000000000e+00
1.728331111371517181e-02 0.000000000000000000e+00 1.728331111371517181e-02 0.000000000000000000e+00
1.770733296871185303e-02 0.000000000000000000e+00 1.770733296871185303e-02 0.000000000000000000e+00
2.282692678272724152e-02 0.000000000000000000e+00 2.282692678272724152e-02 0.000000000000000000e+00
1.563410274684429169e-02 0.000000000000000000e+00 1.563410274684429169e-02 0.000000000000000000e+00
1.371539849787950516e-02 0.000000000000000000e+00 1.371539849787950516e-02 0.000000000000000000e+00
2.349920757114887238e-02 0.000000000000000000e+00 2.349920757114887238e-02 0.000000000000000000e+00
1.522316690534353256e-02 0.000000000000000000e+00 1.522316690534353256e-02 0.000000000000000000e+00
1.302755158394575119e-02 0.000000000000000000e+00 1.302755158394575119e-02 0.000000000000000000e+00
1.460437383502721786e-02 0.000000000000000000e+00 1.460437383502721786e-02 0.000000000000000000e+00
1.601483859121799469e-02 0.000000000000000000e+00 1.601483859121799469e-02 0.000000000000000000e+00
1.365057472139596939e-02 0.000000000000000000e+00 1.365057472139596939e-02 0.000000000000000000e+00
1.958768628537654877e-02 0.000000000000000000e+00 1.958768628537654877e-02 0.000000000000000000e+00
1.615586131811141968e-02 0.000000000000000000e+00 1.615586131811141968e-02 0.000000000000000000e+00
1.264390349388122559e-02 0.000000000000000000e+00 1.264390349388122559e-02 0.000000000000000000e+00
1.815517060458660126e-02 0.000000000000000000e+00 1.815517060458660126e-02 0.000000000000000000e+00
1.829863898456096649e-02 0.000000000000000000e+00 1.829863898456096649e-02 0.000000000000000000e+00
1.659825257956981659e-02 0.000000000000000000e+00 1.659825257956981659e-02 0.000000000000000000e+00
1.293159462511539459e-02 0.000000000000000000e+00 1.293159462511539459e-02 0.000000000000000000e+00
1.875746063888072968e-02 0.000000000000000000e+00 1.875746063888072968e-02 0.000000000000000000e+00
1.831108145415782928e-02 0.000000000000000000e+00 1.831108145415782928e-02 0.000000000000000000e+00
