9.832582037461179425e-08 5.402947068214416504e-01 2.701473617553710938e+01 0.000000000000000000e+00
2.542148530483245850e-01 4.943428337574005127e-01 2.497135734558105469e+01 0.000000000000000000e+00
3.276771306991577148e-01 4.794909954071044922e-01 2.430222702026367188e+01 0.000000000000000000e+00
3.780541121959686279e-01 4.737103283405303955e-01 2.406357002258300781e+01 0.000000000000000000e+00
4.198240041732788086e-01 4.714851081371307373e-01 2.399407958984375000e+01 0.000000000000000000e+00
4.513575434684753418e-01 4.684067368507385254e-01 2.387169456481933594e+01 0.000000000000000000e+00
4.873911738395690918e-01 4.693379700183868408e-01 2.395428848266601562e+01 0.000000000000000000e+00
5.412166118621826172e-01 4.860541224479675293e-01 2.484392166137695312e+01 0.000000000000000000e+00
5.181321501731872559e-01 4.674032926559448242e-01 2.388829612731933594e+01 0.000000000000000000e+00
4.955150485038757324e-01 4.661967158317565918e-01 2.380535125732421875e+01 0.000000000000000000e+00
4.843737781047821045e-01 4.663639962673187256e-01 2.380257225036621094e+01 0.000000000000000000e+00
4.804971218109130859e-01 4.655729234218597412e-01 2.375914382934570312e+01 0.000000000000000000e+00
4.780013561248779297e-01 4.655914604663848877e-01 2.375757408142089844e+01 0.000000000000000000e+00
4.749252796173095703e-01 4.642659127712249756e-01 2.368822097778320312e+01 0.000000000000000000e+00
4.685669243335723877e-01 4.650381505489349365e-01 2.372047424316406250e+01 0.000000000000000000e+00
4.677419960498809814e-01 4.637633264064788818e-01 2.365590858459472656e+01 0.000000000000000000e+00
4.739759564399719238e-01 4.634652137756347656e-01 2.364723587036132812e+01 0.000000000000000000e+00
4.830923378467559814e-01 4.621124863624572754e-01 2.358871841430664062e+01 0.000000000000000000e+00
4.921271502971649170e-01 4.630211293697357178e-01 2.364318275451660156e+01 0.000000000000000000e+00
4.899140596389770508e-01 4.643208086490631104e-01 2.370595359802246094e+01 0.000000000000000000e+00
4.921361207962036133e-01 4.643090367317199707e-01 2.370758819580078125e+01 0.000000000000000000e+00
4.915241897106170654e-01 4.605189263820648193e-01 2.351746940612792969e+01 0.000000000000000000e+00
4.860991537570953369e-01 4.638430178165435791e-01 2.367824935913085938e+01 0.000000000000000000e+00
4.803754687309265137e-01 4.620776772499084473e-01 2.358425903320312500e+01 0.000000000000000000e+00
4.735031127929687500e-01 4.621782302856445312e-01 2.358241462707519531e+01 0.000000000000000000e+00
4.720200002193450928e-01 4.623805880546569824e-01 2.359104919433593750e+01 0.000000000000000000e+00
4.742102921009063721e-01 4.621354341506958008e-01 2.358098220825195312e+01 0.000000000000000000e+00
4.818699955940246582e-01 4.640250802040100098e-01 2.368312454223632812e+01 0.000000000000000000e+00
4.782707691192626953e-01 4.634369909763336182e-01 2.365012168884277344e+01 0.000000000000000000e+00
4.843769073486328125e-01 4.635849893093109131e-01 2.366362571716308594e+01 0.000000000000000000e+00
4.955343008041381836e-01 4.653637409210205078e-01 2.376372146606445312e+01 0.000000000000000000e+00
4.971742928028106689e-01 4.649138152599334717e-01 2.374286651611328125e+01 0.000000000000000000e+00
4.843671321868896484e-01 4.635477662086486816e-01 2.366175651550292969e+01 0.000000000000000000e+00
4.654339849948883057e-01 4.649070501327514648e-01 2.371078491210937500e+01 0.000000000000000000e+00
4.410524070262908936e-01 4.642081260681152344e-01 2.365145874023437500e+01 0.000000000000000000e+00
4.284360110759735107e-01 4.647011160850524902e-01 2.366349220275878906e+01 0.000000000000000000e+00
4.194623231887817383e-01 4.641988873481750488e-01 2.362940597534179688e+01 0.000000000000000000e+00
4.171164333820343018e-01 4.622489511966705322e-01 2.352956390380859375e+01 0.000000000000000000e+00
4.062879085540771484e-01 4.619601964950561523e-01 2.350429725646972656e+01 0.000000000000000000e+00
3.916235268115997314e-01 4.627807736396789551e-01 2.353066253662109375e+01 0.000000000000000000e+00
3.858197927474975586e-01 4.618546664714813232e-01 2.347855377197265625e+01 0.000000000000000000e+00
3.791255652904510498e-01 4.619245827198028564e-01 2.347535514831542969e+01 0.000000000000000000e+00
3.634427785873413086e-01 4.622755646705627441e-01 2.347722244262695312e+01 0.000000000000000000e+00
3.572695553302764893e-01 4.615602791309356689e-01 2.343528366088867188e+01 0.000000000000000000e+00
3.566000759601593018e-01 4.633693993091583252e-01 2.352507019042968750e+01 0.000000000000000000e+00
3.426297307014465332e-01 4.614845812320709229e-01 2.341685867309570312e+01 0.000000000000000000e+00
3.343897759914398193e-01 4.620555043220520020e-01 2.343716621398925781e+01 0.000000000000000000e+00
3.297724127769470215e-01 4.618193507194519043e-01 2.342074012756347656e+01 0.000000000000000000e+00
3.271054327487945557e-01 4.616355895996093750e-01 2.340888404846191406e+01 0.000000000000000000e+00
3.220083117485046387e-01 4.614665508270263672e-01 2.339533615112304688e+01 0.000000000000000000e+00
