1.276840269565582275e-01 0.000000000000000000e+00 1.276840269565582275e-01 0.000000000000000000e+00
1.974037140607833862e-01 0.000000000000000000e+00 1.974037140607833862e-01 0.000000000000000000e+00
1.538510024547576904e-01 0.000000000000000000e+00 1.538510024547576904e-01 0.000000000000000000e+00
1.107153743505477905e-01 0.000000000000000000e+00 1.107153743505477905e-01 0.000000000000000000e+00
7.830171287059783936e-02 0.000000000000000000e+00 7.830171287059783936e-02 0.000000000000000000e+00
7.942017167806625366e-02 0.000000000000000000e+00 7.942017167806625366e-02 0.000000000000000000e+00
7.990227639675140381e-02 0.000000000000000000e+00 7.990227639675140381e-02 0.000000000000000000e+00
6.519313156604766846e-02 0.000000000000000000e+00 6.519313156604766846e-02 0.000000000000000000e+00
5.072514340281486511e-02 0.000000000000000000e+00 5.072514340281486511e-02 0.000000000000000000e+00
5.354043841361999512e-02 0.000000000000000000e+00 5.354043841361999512e-02 0.000000000000000000e+00
5.673187971115112305e-02 0.000000000000000000e+00 5.673187971115112305e-02 0.000000000000000000e+00
5.115901306271553040e-02 0.000000000000000000e+00 5.115901306271553040e-02 0.000000000000000000e+00
4.464644193649291992e-02 0.000000000000000000e+00 4.464644193649291992e-02 0.000000000000000000e+00
4.025631770491600037e-02 0.000000000000000000e+00 4.025631770491600037e-02 0.000000000000000000e+00
4.188980534672737122e-02 0.000000000000000000e+00 4.188980534672737122e-02 0.000000000000000000e+00
4.466671496629714966e-02 0.000000000000000000e+00 4.466671496629714966e-02 0.000000000000000000e+00
4.275750368833541870e-02 0.000000000000000000e+00 4.275750368833541870e-02 0.000000000000000000e+00
3.859687596559524536e-02 0.000000000000000000e+00 3.859687596559524536e-02 0.000000000000000000e+00
3.795741125941276550e-02 0.000000000000000000e+00 3.795741125941276550e-02 0.000000000000000000e+00
3.791755437850952148e-02 0.000000000000000000e+00 3.791755437850952148e-02 0.000000000000000000e+00
3.692018240690231323e-02 0.000000000000000000e+00 3.692018240690231323e-02 0.000000000000000000e+00
3.564146906137466431e-02 0.000000000000000000e+00 3.564146906137466431e-02 0.000000000000000000e+00
3.550724685192108154e-02 0.000000000000000000e+00 3.550724685192108154e-02 0.000000000000000000e+00
3.413798660039901733e-02 0.000000000000000000e+00 3.413798660039901733e-02 0.000000000000000000e+00
3.240660950541496277e-02 0.000000000000000000e+00 3.240660950541496277e-02 0.000000000000000000e+00
3.288559243083000183e-02 0.000000000000000000e+00 3.288559243083000183e-02 0.000000000000000000e+00
3.347712010145187378e-02 0.000000000000000000e+00 3.347712010145187378e-02 0.000000000000000000e+00
3.301781415939331055e-02 0.000000000000000000e+00 3.301781415939331055e-02 0.000000000000000000e+00
3.126650676131248474e-02 0.000000000000000000e+00 3.126650676131248474e-02 0.000000000000000000e+00
3.122287429869174957e-02 0.000000000000000000e+00 3.122287429869174957e-02 0.000000000000000000e+00
3.190336748957633972e-02 0.000000000000000000e+00 3.190336748957633972e-02 0.000000000000000000e+00
3.168876841664314270e-02 0.000000000000000000e+00 3.168876841664314270e-02 0.000000000000000000e+00
3.076436556875705719e-02 0.000000000000000000e+00 3.076436556875705719e-02 0.000000000000000000e+00
3.037599287927150726e-02 0.000000000000000000e+00 3.037599287927150726e-02 0.000000000000000000e+00
2.992461994290351868e-02 0.000000000000000000e+00 2.992461994290351868e-02 0.000000000000000000e+00
2.985976077616214752e-02 0.000000000000000000e+00 2.985976077616214752e-02 0.000000000000000000e+00
2.950885333120822906e-02 0.000000000000000000e+00 2.950885333120822906e-02 0.000000000000000000e+00
2.960667014122009277e-02 0.000000000000000000e+00 2.960667014122009277e-02 0.000000000000000000e+00
2.955364622175693512e-02 0.000000000000000000e+00 2.955364622175693512e-02 0.000000000000000000e+00
2.934525907039642334e-02 0.000000000000000000e+00 2.934525907039642334e-02 0.000000000000000000e+00
2.944364212453365326e-02 0.000000000000000000e+00 2.944364212453365326e-02 0.000000000000000000e+00
2.966197952628135681e-02 0.000000000000000000e+00 2.966197952628135681e-02 0.000000000000000000e+00
2.850158140063285828e-02 0.000000000000000000e+00 2.850158140063285828e-02 0.000000000000000000e+00
2.874798141419887543e-02 0.000000000000000000e+00 2.874798141419887543e-02 0.000000000000000000e+00
2.902752161026000977e-02 0.000000000000000000e+00 2.902752161026000977e-02 0.000000000000000000e+00
2.829666435718536377e-02 0.000000000000000000e+00 2.829666435718536377e-02 0.000000000000000000e+00
2.813790738582611084e-02 0.000000000000000000e+00 2.813790738582611084e-02 0.000000000000000000e+00
2.828765287995338440e-02 0.000000000000000000e+00 2.828765287995338440e-02 0.000000000000000000e+00
2.832482755184173584e-02 0.000000000000000000e+00 2.832482755184173584e-02 0.000000000000000000e+00
2.781111933290958405e-02 0.000000000000000000e+00 2.781111933290958405e-02 0.000000000000000000e+00
