8.241075873374938965e-01 0.000000000000000000e+00 8.241075873374938965e-01 0.000000000000000000e+00
6.718812584877014160e-01 0.000000000000000000e+00 6.718812584877014160e-01 0.000000000000000000e+00
6.091907620429992676e-01 0.000000000000000000e+00 6.091907620429992676e-01 0.000000000000000000e+00
5.538564920425415039e-01 0.000000000000000000e+00 5.538564920425415039e-01 0.000000000000000000e+00
4.938130974769592285e-01 0.000000000000000000e+00 4.938130974769592285e-01 0.000000000000000000e+00
4.309711754322052002e-01 0.000000000000000000e+00 4.309711754322052002e-01 0.000000000000000000e+00
3.894420564174652100e-01 0.000000000000000000e+00 3.894420564174652100e-01 0.000000000000000000e+00
3.664437830448150635e-01 0.000000000000000000e+00 3.664437830448150635e-01 0.000000000000000000e+00
3.449779450893402100e-01 0.000000000000000000e+00 3.449779450893402100e-01 0.000000000000000000e+00
3.188861906528472900e-01 0.000000000000000000e+00 3.188861906528472900e-01 0.000000000000000000e+00
2.864527404308319092e-01 0.000000000000000000e+00 2.864527404308319092e-01 0.000000000000000000e+00
2.490527182817459106e-01 0.000000000000000000e+00 2.490527182817459106e-01 0.000000000000000000e+00
2.111962139606475830e-01 0.000000000000000000e+00 2.111962139606475830e-01 0.000000000000000000e+00
1.811516433954238892e-01 0.000000000000000000e+00 1.811516433954238892e-01 0.000000000000000000e+00
1.690001934766769409e-01 0.000000000000000000e+00 1.690001934766769409e-01 0.000000000000000000e+00
1.598824709653854370e-01 0.000000000000000000e+00 1.598824709653854370e-01 0.000000000000000000e+00
1.517447829246520996e-01 0.000000000000000000e+00 1.517447829246520996e-01 0.000000000000000000e+00
1.521806865930557251e-01 0.000000000000000000e+00 1.521806865930557251e-01 0.000000000000000000e+00
1.468739658594131470e-01 0.000000000000000000e+00 1.468739658594131470e-01 0.000000000000000000e+00
1.397697776556015015e-01 0.000000000000000000e+00 1.397697776556015015e-01 0.000000000000000000e+00
1.250415444374084473e-01 0.000000000000000000e+00 1.250415444374084473e-01 0.000000000000000000e+00
1.158692538738250732e-01 0.000000000000000000e+00 1.158692538738250732e-01 0.000000000000000000e+00
1.024770811200141907e-01 0.000000000000000000e+00 1.024770811200141907e-01 0.000000000000000000e+00
1.003968939185142517e-01 0.000000000000000000e+00 1.003968939185142517e-01 0.000000000000000000e+00
9.489996731281280518e-02 0.000000000000000000e+00 9.489996731281280518e-02 0.000000000000000000e+00
9.812232106924057007e-02 0.000000000000000000e+00 9.812232106924057007e-02 0.000000000000000000e+00
9.550445526838302612e-02 0.000000000000000000e+00 9.550445526838302612e-02 0.000000000000000000e+00
9.914075583219528198e-02 0.000000000000000000e+00 9.914075583219528198e-02 0.000000000000000000e+00
9.479612112045288086e-02 0.000000000000000000e+00 9.479612112045288086e-02 0.000000000000000000e+00
9.409796446561813354e-02 0.000000000000000000e+00 9.409796446561813354e-02 0.000000000000000000e+00
8.621178567409515381e-02 0.000000000000000000e+00 8.621178567409515381e-02 0.000000000000000000e+00
7.847053557634353638e-02 0.000000000000000000e+00 7.847053557634353638e-02 0.000000000000000000e+00
6.656273454427719116e-02 0.000000000000000000e+00 6.656273454427719116e-02 0.000000000000000000e+00
6.111051514744758606e-02 0.000000000000000000e+00 6.111051514744758606e-02 0.000000000000000000e+00
5.639494583010673523e-02 0.000000000000000000e+00 5.639494583010673523e-02 0.000000000000000000e+00
6.234434992074966431e-02 0.000000000000000000e+00 6.234434992074966431e-02 0.000000000000000000e+00
6.248417496681213379e-02 0.000000000000000000e+00 6.248417496681213379e-02 0.000000000000000000e+00
6.363502889871597290e-02 0.000000000000000000e+00 6.363502889871597290e-02 0.000000000000000000e+00
6.118427589535713196e-02 0.000000000000000000e+00 6.118427589535713196e-02 0.000000000000000000e+00
5.334828794002532959e-02 0.000000000000000000e+00 5.334828794002532959e-02 0.000000000000000000e+00
4.988288506865501404e-02 0.000000000000000000e+00 4.988288506865501404e-02 0.000000000000000000e+00
4.539449512958526611e-02 0.000000000000000000e+00 4.539449512958526611e-02 0.000000000000000000e+00
4.324301704764366150e-02 0.000000000000000000e+00 4.324301704764366150e-02 0.000000000000000000e+00
4.391739889979362488e-02 0.000000000000000000e+00 4.391739889979362488e-02 0.000000000000000000e+00
4.248467087745666504e-02 0.000000000000000000e+00 4.248467087745666504e-02 0.000000000000000000e+00
3.921591117978096008e-02 0.000000000000000000e+00 3.921591117978096008e-02 0.000000000000000000e+00
3.631374984979629517e-02 0.000000000000000000e+00 3.631374984979629517e-02 0.000000000000000000e+00
3.504488617181777954e-02 0.000000000000000000e+00 3.504488617181777954e-02 0.000000000000000000e+00
3.817861154675483704e-02 0.000000000000000000e+00 3.817861154675483704e-02 0.000000000000000000e+00
3.549972921609878540e-02 0.000000000000000000e+00 3.549972921609878540e-02 0.000000000000000000e+00
