2.325181365013122559e-01 0.000000000000000000e+00 2.325181365013122559e-01 0.000000000000000000e+00
2.193357050418853760e-01 0.000000000000000000e+00 2.193357050418853760e-01 0.000000000000000000e+00
2.129348516464233398e-01 0.000000000000000000e+00 2.129348516464233398e-01 0.000000000000000000e+00
1.901181191205978394e-01 0.000000000000000000e+00 1.901181191205978394e-01 0.000000000000000000e+00
1.823962777853012085e-01 0.000000000000000000e+00 1.823962777853012085e-01 0.000000000000000000e+00
1.751694828271865845e-01 0.000000000000000000e+00 1.751694828271865845e-01 0.000000000000000000e+00
1.601658761501312256e-01 0.000000000000000000e+00 1.601658761501312256e-01 0.000000000000000000e+00
1.500222682952880859e-01 0.000000000000000000e+00 1.500222682952880859e-01 0.000000000000000000e+00
1.472758650779724121e-01 0.000000000000000000e+00 1.472758650779724121e-01 0.000000000000000000e+00
1.376953721046447754e-01 0.000000000000000000e+00 1.376953721046447754e-01 0.000000000000000000e+00
1.354427784681320190e-01 0.000000000000000000e+00 1.354427784681320190e-01 0.000000000000000000e+00
1.303955018520355225e-01 0.000000000000000000e+00 1.303955018520355225e-01 0.000000000000000000e+00
1.216961443424224854e-01 0.000000000000000000e+00 1.216961443424224854e-01 0.000000000000000000e+00
1.184519380331039429e-01 0.000000000000000000e+00 1.184519380331039429e-01 0.000000000000000000e+00
1.157699972391128540e-01 0.000000000000000000e+00 1.157699972391128540e-01 0.000000000000000000e+00
1.115249842405319214e-01 0.000000000000000000e+00 1.115249842405319214e-01 0.000000000000000000e+00
1.107273325324058533e-01 0.000000000000000000e+00 1.107273325324058533e-01 0.000000000000000000e+00
1.070759370923042297e-01 0.000000000000000000e+00 1.070759370923042297e-01 0.000000000000000000e+00
1.041645258665084839e-01 0.000000000000000000e+00 1.041645258665084839e-01 0.000000000000000000e+00
1.030467897653579712e-01 0.000000000000000000e+00 1.030467897653579712e-01 0.000000000000000000e+00
9.818564355373382568e-02 0.000000000000000000e+00 9.818564355373382568e-02 0.000000000000000000e+00
9.695753455162048340e-02 0.000000000000000000e+00 9.695753455162048340e-02 0.000000000000000000e+00
9.429010748863220215e-02 0.000000000000000000e+00 9.429010748863220215e-02 0.000000000000000000e+00
8.959519118070602417e-02 0.000000000000000000e+00 8.959519118070602417e-02 0.000000000000000000e+00
8.859174698591232300e-02 0.000000000000000000e+00 8.859174698591232300e-02 0.000000000000000000e+00
8.619830757379531860e-02 0.000000000000000000e+00 8.619830757379531860e-02 0.000000000000000000e+00
8.577045798301696777e-02 0.000000000000000000e+00 8.577045798301696777e-02 0.000000000000000000e+00
8.449955284595489502e-02 0.000000000000000000e+00 8.449955284595489502e-02 0.000000000000000000e+00
8.400984853506088257e-02 0.000000000000000000e+00 8.400984853506088257e-02 0.000000000000000000e+00
7.837937772274017334e-02 0.000000000000000000e+00 7.837937772274017334e-02 0.000000000000000000e+00
7.876856625080108643e-02 0.000000000000000000e+00 7.876856625080108643e-02 0.000000000000000000e+00
7.637992501258850098e-02 0.000000000000000000e+00 7.637992501258850098e-02 0.000000000000000000e+00
7.330567389726638794e-02 0.000000000000000000e+00 7.330567389726638794e-02 0.000000000000000000e+00
7.080619037151336670e-02 0.000000000000000000e+00 7.080619037151336670e-02 0.000000000000000000e+00
6.904268264770507812e-02 0.000000000000000000e+00 6.904268264770507812e-02 0.000000000000000000e+00
6.735973060131072998e-02 0.000000000000000000e+00 6.735973060131072998e-02 0.000000000000000000e+00
6.668861210346221924e-02 0.000000000000000000e+00 6.668861210346221924e-02 0.000000000000000000e+00
6.585247814655303955e-02 0.000000000000000000e+00 6.585247814655303955e-02 0.000000000000000000e+00
6.663253903388977051e-02 0.000000000000000000e+00 6.663253903388977051e-02 0.000000000000000000e+00
6.330917030572891235e-02 0.000000000000000000e+00 6.330917030572891235e-02 0.000000000000000000e+00
6.008802726864814758e-02 0.000000000000000000e+00 6.008802726864814758e-02 0.000000000000000000e+00
5.953615158796310425e-02 0.000000000000000000e+00 5.953615158796310425e-02 0.000000000000000000e+00
5.920905992388725281e-02 0.000000000000000000e+00 5.920905992388725281e-02 0.000000000000000000e+00
6.087787449359893799e-02 0.000000000000000000e+00 6.087787449359893799e-02 0.000000000000000000e+00
5.729821696877479553e-02 0.000000000000000000e+00 5.729821696877479553e-02 0.000000000000000000e+00
5.362493544816970825e-02 0.000000000000000000e+00 5.362493544816970825e-02 0.000000000000000000e+00
5.699678882956504822e-02 0.000000000000000000e+00 5.699678882956504822e-02 0.000000000000000000e+00
5.799338221549987793e-02 0.000000000000000000e+00 5.799338221549987793e-02 0.000000000000000000e+00
5.096283555030822754e-02 0.000000000000000000e+00 5.096283555030822754e-02 0.000000000000000000e+00
5.272022262215614319e-02 0.000000000000000000e+00 5.272022262215614319e-02 0.000000000000000000e+00
5.258259922266006470e-02 0.000000000000000000e+00 5.258259922266006470e-02 0.000000000000000000e+00
4.855655133724212646e-02 0.000000000000000000e+00 4.855655133724212646e-02 0.000000000000000000e+00
5.247770249843597412e-02 0.000000000000000000e+00 5.247770249843597412e-02 0.000000000000000000e+00
4.929654672741889954e-02 0.000000000000000000e+00 4.929654672741889954e-02 0.000000000000000000e+00
4.922867193818092346e-02 0.000000000000000000e+00 4.922867193818092346e-02 0.000000000000000000e+00
4.623091593384742737e-02 0.000000000000000000e+00 4.623091593384742737e-02 0.000000000000000000e+00
4.839405044913291931e-02 0.000000000000000000e+00 4.839405044913291931e-02 0.000000000000000000e+00
4.378078877925872803e-02 0.000000000000000000e+00 4.378078877925872803e-02 0.000000000000000000e+00
4.202319309115409851e-02 0.000000000000000000e+00 4.202319309115409851e-02 0.000000000000000000e+00
4.789727181196212769e-02 0.000000000000000000e+00 4.789727181196212769e-02 0.000000000000000000e+00
4.288992285728454590e-02 0.000000000000000000e+00 4.288992285728454590e-02 0.000000000000000000e+00
4.544760659337043762e-02 0.000000000000000000e+00 4.544760659337043762e-02 0.000000000000000000e+00
4.273708164691925049e-02 0.000000000000000000e+00 4.273708164691925049e-02 0.000000000000000000e+00
4.633924365043640137e-02 0.000000000000000000e+00 4.633924365043640137e-02 0.000000000000000000e+00
3.906545042991638184e-02 0.000000000000000000e+00 3.906545042991638184e-02 0.000000000000000000e+00
4.786084964871406555e-02 0.000000000000000000e+00 4.786084964871406555e-02 0.000000000000000000e+00
4.341922700405120850e-02 0.000000000000000000e+00 4.341922700405120850e-02 0.000000000000000000e+00
4.352000728249549866e-02 0.000000000000000000e+00 4.352000728249549866e-02 0.000000000000000000e+00
4.341506958007812500e-02 0.000000000000000000e+00 4.341506958007812500e-02 0.000000000000000000e+00
3.711435571312904358e-02 0.000000000000000000e+00 3.711435571312904358e-02 0.000000000000000000e+00
4.359209164977073669e-02 0.000000000000000000e+00 4.359209164977073669e-02 0.000000000000000000e+00
3.294321149587631226e-02 0.000000000000000000e+00 3.294321149587631226e-02 0.000000000000000000e+00
4.235108196735382080e-02 0.000000000000000000e+00 4.235108196735382080e-02 0.000000000000000000e+00
3.437778726220130920e-02 0.000000000000000000e+00 3.437778726220130920e-02 0.000000000000000000e+00
3.932353481650352478e-02 0.000000000000000000e+00 3.932353481650352478e-02 0.000000000000000000e+00
3.706260025501251221e-02 0.000000000000000000e+00 3.706260025501251221e-02 0.000000000000000000e+00
3.421551361680030823e-02 0.000000000000000000e+00 3.421551361680030823e-02 0.000000000000000000e+00
4.109158366918563843e-02 0.000000000000000000e+00 4.109158366918563843e-02 0.000000000000000000e+00
3.105262666940689087e-02 0.000000000000000000e+00 3.105262666940689087e-02 0.000000000000000000e+00
4.493471235036849976e-02 0.000000000000000000e+00 4.493471235036849976e-02 0.000000000000000000e+00
3.614902123808860779e-02 0.000000000000000000e+00 3.614902123808860779e-02 0.000000000000000000e+00
4.207103699445724487e-02 0.000000000000000000e+00 4.207103699445724487e-02 0.000000000000000000e+00
3.859236836433410645e-02 0.000000000000000000e+00 3.859236836433410645e-02 0.000000000000000000e+00
3.849234431982040405e-02 0.000000000000000000e+00 3.849234431982040405e-02 0.000000000000000000e+00
3.714717924594879150e-02 0.000000000000000000e+00 3.714717924594879150e-02 0.000000000000000000e+00
3.629312664270401001e-02 0.000000000000000000e+00 3.629312664270401001e-02 0.000000000000000000e+00
3.332804515957832336e-02 0.000000000000000000e+00 3.332804515957832336e-02 0.000000000000000000e+00
3.561364486813545227e-02 0.000000000000000000e+00 3.561364486813545227e-02 0.000000000000000000e+00
3.322720527648925781e-02 0.000000000000000000e+00 3.322720527648925781e-02 0.000000000000000000e+00
3.318168967962265015e-02 0.000000000000000000e+00 3.318168967962265015e-02 0.000000000000000000e+00
3.178043663501739502e-02 0.000000000000000000e+00 3.178043663501739502e-02 0.000000000000000000e+00
3.142664581537246704e-02 0.000000000000000000e+00 3.142664581537246704e-02 0.000000000000000000e+00
2.999013848602771759e-02 0.000000000000000000e+00 2.999013848602771759e-02 0.000000000000000000e+00
2.996517159044742584e-02 0.000000000000000000e+00 2.996517159044742584e-02 0.000000000000000000e+00
2.877987362444400787e-02 0.000000000000000000e+00 2.877987362444400787e-02 0.000000000000000000e+00
2.811190299689769745e-02 0.000000000000000000e+00 2.811190299689769745e-02 0.000000000000000000e+00
2.678596042096614838e-02 0.000000000000000000e+00 2.678596042096614838e-02 0.000000000000000000e+00
2.751048654317855835e-02 0.000000000000000000e+00 2.751048654317855835e-02 0.000000000000000000e+00
2.496021054685115814e-02 0.000000000000000000e+00 2.496021054685115814e-02 0.000000000000000000e+00
2.593246288597583771e-02 0.000000000000000000e+00 2.593246288597583771e-02 0.000000000000000000e+00
