7.495300769805908203e-01 0.000000000000000000e+00 7.495300769805908203e-01 0.000000000000000000e+00
5.998492240905761719e-01 0.000000000000000000e+00 5.998492240905761719e-01 0.000000000000000000e+00
5.570085644721984863e-01 0.000000000000000000e+00 5.570085644721984863e-01 0.000000000000000000e+00
5.150330066680908203e-01 0.000000000000000000e+00 5.150330066680908203e-01 0.000000000000000000e+00
4.710604846477508545e-01 0.000000000000000000e+00 4.710604846477508545e-01 0.000000000000000000e+00
4.302447438240051270e-01 0.000000000000000000e+00 4.302447438240051270e-01 0.000000000000000000e+00
4.121255874633789062e-01 0.000000000000000000e+00 4.121255874633789062e-01 0.000000000000000000e+00
4.088470339775085449e-01 0.000000000000000000e+00 4.088470339775085449e-01 0.000000000000000000e+00
3.980593383312225342e-01 0.000000000000000000e+00 3.980593383312225342e-01 0.000000000000000000e+00
3.762663304805755615e-01 0.000000000000000000e+00 3.762663304805755615e-01 0.000000000000000000e+00
3.537699878215789795e-01 0.000000000000000000e+00 3.537699878215789795e-01 0.000000000000000000e+00
3.270981609821319580e-01 0.000000000000000000e+00 3.270981609821319580e-01 0.000000000000000000e+00
3.077833950519561768e-01 0.000000000000000000e+00 3.077833950519561768e-01 0.000000000000000000e+00
2.943993806838989258e-01 0.000000000000000000e+00 2.943993806838989258e-01 0.000000000000000000e+00
2.829486727714538574e-01 0.000000000000000000e+00 2.829486727714538574e-01 0.000000000000000000e+00
2.839941084384918213e-01 0.000000000000000000e+00 2.839941084384918213e-01 0.000000000000000000e+00
2.787091732025146484e-01 0.000000000000000000e+00 2.787091732025146484e-01 0.000000000000000000e+00
2.674923539161682129e-01 0.000000000000000000e+00 2.674923539161682129e-01 0.000000000000000000e+00
2.549431324005126953e-01 0.000000000000000000e+00 2.549431324005126953e-01 0.000000000000000000e+00
2.439331263303756714e-01 0.000000000000000000e+00 2.439331263303756714e-01 0.000000000000000000e+00
2.406911104917526245e-01 0.000000000000000000e+00 2.406911104917526245e-01 0.000000000000000000e+00
2.368555814027786255e-01 0.000000000000000000e+00 2.368555814027786255e-01 0.000000000000000000e+00
2.370325326919555664e-01 0.000000000000000000e+00 2.370325326919555664e-01 0.000000000000000000e+00
2.314539849758148193e-01 0.000000000000000000e+00 2.314539849758148193e-01 0.000000000000000000e+00
2.275839596986770630e-01 0.000000000000000000e+00 2.275839596986770630e-01 0.000000000000000000e+00
2.236103415489196777e-01 0.000000000000000000e+00 2.236103415489196777e-01 0.000000000000000000e+00
2.219438105821609497e-01 0.000000000000000000e+00 2.219438105821609497e-01 0.000000000000000000e+00
2.192925810813903809e-01 0.000000000000000000e+00 2.192925810813903809e-01 0.000000000000000000e+00
2.144709378480911255e-01 0.000000000000000000e+00 2.144709378480911255e-01 0.000000000000000000e+00
2.101134061813354492e-01 0.000000000000000000e+00 2.101134061813354492e-01 0.000000000000000000e+00
2.082142829895019531e-01 0.000000000000000000e+00 2.082142829895019531e-01 0.000000000000000000e+00
2.025966048240661621e-01 0.000000000000000000e+00 2.025966048240661621e-01 0.000000000000000000e+00
2.032932639122009277e-01 0.000000000000000000e+00 2.032932639122009277e-01 0.000000000000000000e+00
1.998180001974105835e-01 0.000000000000000000e+00 1.998180001974105835e-01 0.000000000000000000e+00
1.982781440019607544e-01 0.000000000000000000e+00 1.982781440019607544e-01 0.000000000000000000e+00
1.951020956039428711e-01 0.000000000000000000e+00 1.951020956039428711e-01 0.000000000000000000e+00
1.921022534370422363e-01 0.000000000000000000e+00 1.921022534370422363e-01 0.000000000000000000e+00
1.873442828655242920e-01 0.000000000000000000e+00 1.873442828655242920e-01 0.000000000000000000e+00
1.861633658409118652e-01 0.000000000000000000e+00 1.861633658409118652e-01 0.000000000000000000e+00
1.825747489929199219e-01 0.000000000000000000e+00 1.825747489929199219e-01 0.000000000000000000e+00
1.798898130655288696e-01 0.000000000000000000e+00 1.798898130655288696e-01 0.000000000000000000e+00
1.762377619743347168e-01 0.000000000000000000e+00 1.762377619743347168e-01 0.000000000000000000e+00
1.738349199295043945e-01 0.000000000000000000e+00 1.738349199295043945e-01 0.000000000000000000e+00
1.720156073570251465e-01 0.000000000000000000e+00 1.720156073570251465e-01 0.000000000000000000e+00
1.694489419460296631e-01 0.000000000000000000e+00 1.694489419460296631e-01 0.000000000000000000e+00
1.681946963071823120e-01 0.000000000000000000e+00 1.681946963071823120e-01 0.000000000000000000e+00
1.651579141616821289e-01 0.000000000000000000e+00 1.651579141616821289e-01 0.000000000000000000e+00
1.634918451309204102e-01 0.000000000000000000e+00 1.634918451309204102e-01 0.000000000000000000e+00
1.607249081134796143e-01 0.000000000000000000e+00 1.607249081134796143e-01 0.000000000000000000e+00
1.592033654451370239e-01 0.000000000000000000e+00 1.592033654451370239e-01 0.000000000000000000e+00
1.565767824649810791e-01 0.000000000000000000e+00 1.565767824649810791e-01 0.000000000000000000e+00
1.552955359220504761e-01 0.000000000000000000e+00 1.552955359220504761e-01 0.000000000000000000e+00
1.529934853315353394e-01 0.000000000000000000e+00 1.529934853315353394e-01 0.000000000000000000e+00
1.518236249685287476e-01 0.000000000000000000e+00 1.518236249685287476e-01 0.000000000000000000e+00
1.498371809720993042e-01 0.000000000000000000e+00 1.498371809720993042e-01 0.000000000000000000e+00
1.485413610935211182e-01 0.000000000000000000e+00 1.485413610935211182e-01 0.000000000000000000e+00
1.463823616504669189e-01 0.000000000000000000e+00 1.463823616504669189e-01 0.000000000000000000e+00
1.453632116317749023e-01 0.000000000000000000e+00 1.453632116317749023e-01 0.000000000000000000e+00
1.438042223453521729e-01 0.000000000000000000e+00 1.438042223453521729e-01 0.000000000000000000e+00
1.427298039197921753e-01 0.000000000000000000e+00 1.427298039197921753e-01 0.000000000000000000e+00
1.414988636970520020e-01 0.000000000000000000e+00 1.414988636970520020e-01 0.000000000000000000e+00
1.405660510063171387e-01 0.000000000000000000e+00 1.405660510063171387e-01 0.000000000000000000e+00
1.393571794033050537e-01 0.000000000000000000e+00 1.393571794033050537e-01 0.000000000000000000e+00
1.384260058403015137e-01 0.000000000000000000e+00 1.384260058403015137e-01 0.000000000000000000e+00
1.375640928745269775e-01 0.000000000000000000e+00 1.375640928745269775e-01 0.000000000000000000e+00
1.365339159965515137e-01 0.000000000000000000e+00 1.365339159965515137e-01 0.000000000000000000e+00
1.358495503664016724e-01 0.000000000000000000e+00 1.358495503664016724e-01 0.000000000000000000e+00
1.348044127225875854e-01 0.000000000000000000e+00 1.348044127225875854e-01 0.000000000000000000e+00
1.340965032577514648e-01 0.000000000000000000e+00 1.340965032577514648e-01 0.000000000000000000e+00
1.334144473075866699e-01 0.000000000000000000e+00 1.334144473075866699e-01 0.000000000000000000e+00
1.325648725032806396e-01 0.000000000000000000e+00 1.325648725032806396e-01 0.000000000000000000e+00
1.316354870796203613e-01 0.000000000000000000e+00 1.316354870796203613e-01 0.000000000000000000e+00
1.305462121963500977e-01 0.000000000000000000e+00 1.305462121963500977e-01 0.000000000000000000e+00
1.295589506626129150e-01 0.000000000000000000e+00 1.295589506626129150e-01 0.000000000000000000e+00
1.288208365440368652e-01 0.000000000000000000e+00 1.288208365440368652e-01 0.000000000000000000e+00
1.279736608266830444e-01 0.000000000000000000e+00 1.279736608266830444e-01 0.000000000000000000e+00
1.276631653308868408e-01 0.000000000000000000e+00 1.276631653308868408e-01 0.000000000000000000e+00
1.278986781835556030e-01 0.000000000000000000e+00 1.278986781835556030e-01 0.000000000000000000e+00
1.272289603948593140e-01 0.000000000000000000e+00 1.272289603948593140e-01 0.000000000000000000e+00
1.254287660121917725e-01 0.000000000000000000e+00 1.254287660121917725e-01 0.000000000000000000e+00
1.241680681705474854e-01 0.000000000000000000e+00 1.241680681705474854e-01 0.000000000000000000e+00
1.231150999665260315e-01 0.000000000000000000e+00 1.231150999665260315e-01 0.000000000000000000e+00
1.222635954618453979e-01 0.000000000000000000e+00 1.222635954618453979e-01 0.000000000000000000e+00
1.215453743934631348e-01 0.000000000000000000e+00 1.215453743934631348e-01 0.000000000000000000e+00
1.210161522030830383e-01 0.000000000000000000e+00 1.210161522030830383e-01 0.000000000000000000e+00
1.212510988116264343e-01 0.000000000000000000e+00 1.212510988116264343e-01 0.000000000000000000e+00
1.216793656349182129e-01 0.000000000000000000e+00 1.216793656349182129e-01 0.000000000000000000e+00
1.222441121935844421e-01 0.000000000000000000e+00 1.222441121935844421e-01 0.000000000000000000e+00
1.223257854580879211e-01 0.000000000000000000e+00 1.223257854580879211e-01 0.000000000000000000e+00
1.191064417362213135e-01 0.000000000000000000e+00 1.191064417362213135e-01 0.000000000000000000e+00
1.172939687967300415e-01 0.000000000000000000e+00 1.172939687967300415e-01 0.000000000000000000e+00
1.169682145118713379e-01 0.000000000000000000e+00 1.169682145118713379e-01 0.000000000000000000e+00
1.175693720579147339e-01 0.000000000000000000e+00 1.175693720579147339e-01 0.000000000000000000e+00
1.179951578378677368e-01 0.000000000000000000e+00 1.179951578378677368e-01 0.000000000000000000e+00
1.181469857692718506e-01 0.000000000000000000e+00 1.181469857692718506e-01 0.000000000000000000e+00
1.172942891716957092e-01 0.000000000000000000e+00 1.172942891716957092e-01 0.000000000000000000e+00
1.147096157073974609e-01 0.000000000000000000e+00 1.147096157073974609e-01 0.000000000000000000e+00
1.132889688014984131e-01 0.000000000000000000e+00 1.132889688014984131e-01 0.000000000000000000e+00
1.131856217980384827e-01 0.000000000000000000e+00 1.131856217980384827e-01 0.000000000000000000e+00
1.147670373320579529e-01 0.000000000000000000e+00 1.147670373320579529e-01 0.000000000000000000e+00
