5.297623872756958008e-01 0.000000000000000000e+00 5.297623872756958008e-01 0.000000000000000000e+00
4.580702483654022217e-01 0.000000000000000000e+00 4.580702483654022217e-01 0.000000000000000000e+00
4.271570444107055664e-01 0.000000000000000000e+00 4.271570444107055664e-01 0.000000000000000000e+00
3.805193305015563965e-01 0.000000000000000000e+00 3.805193305015563965e-01 0.000000000000000000e+00
3.316724002361297607e-01 0.000000000000000000e+00 3.316724002361297607e-01 0.000000000000000000e+00
3.058655858039855957e-01 0.000000000000000000e+00 3.058655858039855957e-01 0.000000000000000000e+00
2.935689389705657959e-01 0.000000000000000000e+00 2.935689389705657959e-01 0.000000000000000000e+00
2.770528793334960938e-01 0.000000000000000000e+00 2.770528793334960938e-01 0.000000000000000000e+00
2.604002654552459717e-01 0.000000000000000000e+00 2.604002654552459717e-01 0.000000000000000000e+00
2.433841377496719360e-01 0.000000000000000000e+00 2.433841377496719360e-01 0.000000000000000000e+00
2.364377975463867188e-01 0.000000000000000000e+00 2.364377975463867188e-01 0.000000000000000000e+00
2.206636220216751099e-01 0.000000000000000000e+00 2.206636220216751099e-01 0.000000000000000000e+00
2.063776999711990356e-01 0.000000000000000000e+00 2.063776999711990356e-01 0.000000000000000000e+00
1.984049826860427856e-01 0.000000000000000000e+00 1.984049826860427856e-01 0.000000000000000000e+00
1.911572068929672241e-01 0.000000000000000000e+00 1.911572068929672241e-01 0.000000000000000000e+00
1.820152997970581055e-01 0.000000000000000000e+00 1.820152997970581055e-01 0.000000000000000000e+00
1.691327840089797974e-01 0.000000000000000000e+00 1.691327840089797974e-01 0.000000000000000000e+00
1.591215133666992188e-01 0.000000000000000000e+00 1.591215133666992188e-01 0.000000000000000000e+00
1.560122370719909668e-01 0.000000000000000000e+00 1.560122370719909668e-01 0.000000000000000000e+00
1.521633714437484741e-01 0.000000000000000000e+00 1.521633714437484741e-01 0.000000000000000000e+00
1.448764950037002563e-01 0.000000000000000000e+00 1.448764950037002563e-01 0.000000000000000000e+00
1.398251503705978394e-01 0.000000000000000000e+00 1.398251503705978394e-01 0.000000000000000000e+00
1.401984244585037231e-01 0.000000000000000000e+00 1.401984244585037231e-01 0.000000000000000000e+00
1.370110362768173218e-01 0.000000000000000000e+00 1.370110362768173218e-01 0.000000000000000000e+00
1.289974898099899292e-01 0.000000000000000000e+00 1.289974898099899292e-01 0.000000000000000000e+00
1.255587637424468994e-01 0.000000000000000000e+00 1.255587637424468994e-01 0.000000000000000000e+00
1.216855049133300781e-01 0.000000000000000000e+00 1.216855049133300781e-01 0.000000000000000000e+00
1.137758940458297729e-01 0.000000000000000000e+00 1.137758940458297729e-01 0.000000000000000000e+00
1.116995215415954590e-01 0.000000000000000000e+00 1.116995215415954590e-01 0.000000000000000000e+00
1.084807142615318298e-01 0.000000000000000000e+00 1.084807142615318298e-01 0.000000000000000000e+00
1.046964004635810852e-01 0.000000000000000000e+00 1.046964004635810852e-01 0.000000000000000000e+00
1.038085073232650757e-01 0.000000000000000000e+00 1.038085073232650757e-01 0.000000000000000000e+00
1.001066192984580994e-01 0.000000000000000000e+00 1.001066192984580994e-01 0.000000000000000000e+00
9.684249758720397949e-02 0.000000000000000000e+00 9.684249758720397949e-02 0.000000000000000000e+00
9.203442931175231934e-02 0.000000000000000000e+00 9.203442931175231934e-02 0.000000000000000000e+00
8.725148439407348633e-02 0.000000000000000000e+00 8.725148439407348633e-02 0.000000000000000000e+00
8.479963988065719604e-02 0.000000000000000000e+00 8.479963988065719604e-02 0.000000000000000000e+00
7.786403596401214600e-02 0.000000000000000000e+00 7.786403596401214600e-02 0.000000000000000000e+00
7.395423203706741333e-02 0.000000000000000000e+00 7.395423203706741333e-02 0.000000000000000000e+00
6.911464035511016846e-02 0.000000000000000000e+00 6.911464035511016846e-02 0.000000000000000000e+00
6.776657700538635254e-02 0.000000000000000000e+00 6.776657700538635254e-02 0.000000000000000000e+00
6.429551541805267334e-02 0.000000000000000000e+00 6.429551541805267334e-02 0.000000000000000000e+00
6.364399194717407227e-02 0.000000000000000000e+00 6.364399194717407227e-02 0.000000000000000000e+00
5.953914672136306763e-02 0.000000000000000000e+00 5.953914672136306763e-02 0.000000000000000000e+00
5.693488568067550659e-02 0.000000000000000000e+00 5.693488568067550659e-02 0.000000000000000000e+00
5.322754010558128357e-02 0.000000000000000000e+00 5.322754010558128357e-02 0.000000000000000000e+00
5.067826434969902039e-02 0.000000000000000000e+00 5.067826434969902039e-02 0.000000000000000000e+00
4.730996489524841309e-02 0.000000000000000000e+00 4.730996489524841309e-02 0.000000000000000000e+00
4.524029791355133057e-02 0.000000000000000000e+00 4.524029791355133057e-02 0.000000000000000000e+00
4.440101236104965210e-02 0.000000000000000000e+00 4.440101236104965210e-02 0.000000000000000000e+00
4.107130691409111023e-02 0.000000000000000000e+00 4.107130691409111023e-02 0.000000000000000000e+00
3.776806220412254333e-02 0.000000000000000000e+00 3.776806220412254333e-02 0.000000000000000000e+00
3.503371775150299072e-02 0.000000000000000000e+00 3.503371775150299072e-02 0.000000000000000000e+00
3.269852325320243835e-02 0.000000000000000000e+00 3.269852325320243835e-02 0.000000000000000000e+00
3.191258385777473450e-02 0.000000000000000000e+00 3.191258385777473450e-02 0.000000000000000000e+00
3.507547080516815186e-02 0.000000000000000000e+00 3.507547080516815186e-02 0.000000000000000000e+00
2.956262603402137756e-02 0.000000000000000000e+00 2.956262603402137756e-02 0.000000000000000000e+00
2.825626358389854431e-02 0.000000000000000000e+00 2.825626358389854431e-02 0.000000000000000000e+00
2.879539877176284790e-02 0.000000000000000000e+00 2.879539877176284790e-02 0.000000000000000000e+00
2.718788199126720428e-02 0.000000000000000000e+00 2.718788199126720428e-02 0.000000000000000000e+00
2.548911049962043762e-02 0.000000000000000000e+00 2.548911049962043762e-02 0.000000000000000000e+00
2.601953782141208649e-02 0.000000000000000000e+00 2.601953782141208649e-02 0.000000000000000000e+00
2.495110780000686646e-02 0.000000000000000000e+00 2.495110780000686646e-02 0.000000000000000000e+00
2.392181567847728729e-02 0.000000000000000000e+00 2.392181567847728729e-02 0.000000000000000000e+00
2.206326089799404144e-02 0.000000000000000000e+00 2.206326089799404144e-02 0.000000000000000000e+00
2.274239063262939453e-02 0.000000000000000000e+00 2.274239063262939453e-02 0.000000000000000000e+00
2.143064886331558228e-02 0.000000000000000000e+00 2.143064886331558228e-02 0.000000000000000000e+00
2.192375250160694122e-02 0.000000000000000000e+00 2.192375250160694122e-02 0.000000000000000000e+00
2.132032625377178192e-02 0.000000000000000000e+00 2.132032625377178192e-02 0.000000000000000000e+00
2.083515934646129608e-02 0.000000000000000000e+00 2.083515934646129608e-02 0.000000000000000000e+00
1.925339549779891968e-02 0.000000000000000000e+00 1.925339549779891968e-02 0.000000000000000000e+00
1.802594587206840515e-02 0.000000000000000000e+00 1.802594587206840515e-02 0.000000000000000000e+00
1.830168999731540680e-02 0.000000000000000000e+00 1.830168999731540680e-02 0.000000000000000000e+00
1.958511769771575928e-02 0.000000000000000000e+00 1.958511769771575928e-02 0.000000000000000000e+00
1.818193495273590088e-02 0.000000000000000000e+00 1.818193495273590088e-02 0.000000000000000000e+00
1.789091899991035461e-02 0.000000000000000000e+00 1.789091899991035461e-02 0.000000000000000000e+00
2.155986614525318146e-02 0.000000000000000000e+00 2.155986614525318146e-02 0.000000000000000000e+00
1.874626800417900085e-02 0.000000000000000000e+00 1.874626800417900085e-02 0.000000000000000000e+00
1.672712527215480804e-02 0.000000000000000000e+00 1.672712527215480804e-02 0.000000000000000000e+00
1.638116501271724701e-02 0.000000000000000000e+00 1.638116501271724701e-02 0.000000000000000000e+00
1.602593809366226196e-02 0.000000000000000000e+00 1.602593809366226196e-02 0.000000000000000000e+00
1.793526671826839447e-02 0.000000000000000000e+00 1.793526671826839447e-02 0.000000000000000000e+00
1.435402873903512955e-02 0.000000000000000000e+00 1.435402873903512955e-02 0.000000000000000000e+00
1.822380349040031433e-02 0.000000000000000000e+00 1.822380349040031433e-02 0.000000000000000000e+00
1.836031675338745117e-02 0.000000000000000000e+00 1.836031675338745117e-02 0.000000000000000000e+00
1.465605106204748154e-02 0.000000000000000000e+00 1.465605106204748154e-02 0.000000000000000000e+00
1.535341609269380569e-02 0.000000000000000000e+00 1.535341609269380569e-02 0.000000000000000000e+00
1.590023934841156006e-02 0.000000000000000000e+00 1.590023934841156006e-02 0.000000000000000000e+00
1.494640670716762543e-02 0.000000000000000000e+00 1.494640670716762543e-02 0.000000000000000000e+00
1.978745497763156891e-02 0.000000000000000000e+00 1.978745497763156891e-02 0.000000000000000000e+00
1.230200566351413727e-02 0.000000000000000000e+00 1.230200566351413727e-02 0.000000000000000000e+00
1.986751519143581390e-02 0.000000000000000000e+00 1.986751519143581390e-02 0.000000000000000000e+00
1.859566569328308105e-02 0.000000000000000000e+00 1.859566569328308105e-02 0.000000000000000000e+00
1.400969736278057098e-02 0.000000000000000000e+00 1.400969736278057098e-02 0.000000000000000000e+00
2.152201160788536072e-02 0.000000000000000000e+00 2.152201160788536072e-02 0.000000000000000000e+00
1.254576817154884338e-02 0.000000000000000000e+00 1.254576817154884338e-02 0.000000000000000000e+00
1.827647536993026733e-02 0.000000000000000000e+00 1.827647536993026733e-02 0.000000000000000000e+00
1.497136615216732025e-02 0.000000000000000000e+00 1.497136615216732025e-02 0.000000000000000000e+00
1.860296539962291718e-02 0.000000000000000000e+00 1.860296539962291718e-02 0.000000000000000000e+00
1.108996663242578506e-02 0.000000000000000000e+00 1.108996663242578506e-02 0.000000000000000000e+00
