3.673170804977416992e-01 8.602443429486537896e-02 4.668538795241010675e+00 2.812500000000000000e-01
4.679945111274719238e-01 1.131657485428015225e-01 6.126281938267547744e+00 9.375000000000000000e-02
4.266328513622283936e-01 8.423571086756478921e-02 4.638418394740467576e+00 6.250000000000000000e-02
3.760217428207397461e-01 4.377358518169527368e-02 2.564701001905503652e+00 2.187500000000000000e-01
3.711951375007629395e-01 4.009960861490943773e-02 2.376175568246234882e+00 3.437500000000000000e-01
3.959306776523590088e-01 3.688121980536954170e-02 2.239991667920835816e+00 2.812500000000000000e-01
4.327673614025115967e-01 3.088766117282069901e-02 1.977150420043546575e+00 2.500000000000000000e-01
4.747822880744934082e-01 2.831992058645495941e-02 1.890778317397241448e+00 1.562500000000000000e-01
5.051848888397216797e-01 3.030547542516170978e-02 2.020458660097807169e+00 1.562500000000000000e-01
4.954802691936492920e-01 2.328784030304092978e-02 1.659872284345695892e+00 1.250000000000000000e-01
4.781053662300109863e-01 2.379957637834853590e-02 1.668084185147437726e+00 1.562500000000000000e-01
4.606011509895324707e-01 2.319685397044598044e-02 1.620443849511831402e+00 1.875000000000000000e-01
4.527075588703155518e-01 2.080702088662041843e-02 1.493058603201336432e+00 1.562500000000000000e-01
4.486041963100433350e-01 1.826274446837002768e-02 1.361741419728544678e+00 2.500000000000000000e-01
4.491532444953918457e-01 1.825949257777062171e-02 1.362127873383923049e+00 3.437500000000000000e-01
4.491285979747772217e-01 1.710792802490220671e-02 1.304524999219887516e+00 3.125000000000000000e-01
4.546674489974975586e-01 1.627476302421502000e-02 1.268405600208248440e+00 3.437500000000000000e-01
4.634594619274139404e-01 1.550494889226135785e-02 1.238706906540481878e+00 4.062500000000000000e-01
4.654131233692169189e-01 1.477963056043430506e-02 1.204394651390932047e+00 4.062500000000000000e-01
4.653611481189727783e-01 1.434077490170814276e-02 1.182399893204379993e+00 4.062500000000000000e-01
4.669808447360992432e-01 1.382379987618023894e-02 1.158170838545111270e+00 4.062500000000000000e-01
4.685629308223724365e-01 1.340237638373303550e-02 1.138681750009024274e+00 4.062500000000000000e-01
4.724369049072265625e-01 1.319306519170737949e-02 1.132090164492595585e+00 4.062500000000000000e-01
4.780343770980834961e-01 1.289943062835466336e-02 1.123005908515816609e+00 4.062500000000000000e-01
4.854066371917724609e-01 1.254680429415047996e-02 1.112746851899296452e+00 4.062500000000000000e-01
4.908768534660339355e-01 1.231714589062195275e-02 1.106734147997131545e+00 4.062500000000000000e-01
4.944768249988555908e-01 1.223233222073633400e-02 1.106093436035672450e+00 3.750000000000000000e-01
4.958463907241821289e-01 1.215955591125110133e-02 1.103824186286737064e+00 3.750000000000000000e-01
4.936577975749969482e-01 1.211920527032505669e-02 1.099618061091249821e+00 3.750000000000000000e-01
4.898520708084106445e-01 1.213737106985599001e-02 1.096720624301210201e+00 3.750000000000000000e-01
4.851346909999847412e-01 1.213789907943489330e-02 1.092029644971729496e+00 3.750000000000000000e-01
4.797413349151611328e-01 1.213927563086184165e-02 1.086705116458253073e+00 3.750000000000000000e-01
4.739373922348022461e-01 1.212737968861739984e-02 1.080306376665672197e+00 3.750000000000000000e-01
4.676595032215118408e-01 1.213932778816669521e-02 1.074625892629846646e+00 4.062500000000000000e-01
4.608499407768249512e-01 1.222805681571709907e-02 1.072252781562679891e+00 4.062500000000000000e-01
4.548417031764984131e-01 1.223958758861584326e-02 1.066821082607290583e+00 4.062500000000000000e-01
4.494916498661041260e-01 1.230179094971338427e-02 1.064581197351773367e+00 4.062500000000000000e-01
4.448933303356170654e-01 1.232168734493391607e-02 1.060977697582312862e+00 4.062500000000000000e-01
4.413842260837554932e-01 1.228486978833585527e-02 1.055627715500548236e+00 4.062500000000000000e-01
4.382205903530120850e-01 1.224582930847956802e-02 1.050512055776990472e+00 4.062500000000000000e-01
4.347963631153106689e-01 1.220807882087841453e-02 1.045200304159231486e+00 4.062500000000000000e-01
4.308962225914001465e-01 1.218004700801763457e-02 1.039898572992281833e+00 4.062500000000000000e-01
4.265555143356323242e-01 1.217486894971364295e-02 1.035298961821314423e+00 4.062500000000000000e-01
4.221464395523071289e-01 1.217184318050040792e-02 1.030738598577327636e+00 4.375000000000000000e-01
4.177753329277038574e-01 1.215634315083500769e-02 1.025592490469454221e+00 4.375000000000000000e-01
4.136757254600524902e-01 1.213613191002255176e-02 1.020482320961180189e+00 4.375000000000000000e-01
4.093798100948333740e-01 1.212660190698417600e-02 1.015709905444042160e+00 4.375000000000000000e-01
4.043518900871276855e-01 1.211985095279136809e-02 1.010344437726696132e+00 4.375000000000000000e-01
3.991794586181640625e-01 1.210771994165143160e-02 1.004565455700735743e+00 4.375000000000000000e-01
3.936665356159210205e-01 1.211185906845003470e-02 9.992594890384227657e-01 4.375000000000000000e-01
3.877459466457366943e-01 1.212467547215452524e-02 9.939797202534629283e-01 4.375000000000000000e-01
3.825970590114593506e-01 1.211621489123007600e-02 9.884078035729630951e-01 4.375000000000000000e-01
3.776169717311859131e-01 1.210388117142669091e-02 9.828110303025204830e-01 4.062500000000000000e-01
3.725892007350921631e-01 1.210918399514392986e-02 9.780484004922886943e-01 4.375000000000000000e-01
3.678547739982604980e-01 1.209833704756677064e-02 9.727716263765990856e-01 4.062500000000000000e-01
3.625459372997283936e-01 1.210408784740419144e-02 9.677503296699380142e-01 4.062500000000000000e-01
3.583398759365081787e-01 1.208349060187742866e-02 9.625144060303796323e-01 4.062500000000000000e-01
3.549012243747711182e-01 1.205442213406431040e-02 9.576223310779866660e-01 4.062500000000000000e-01
3.504230082035064697e-01 1.207226720662741247e-02 9.540363685348770550e-01 4.062500000000000000e-01
3.475511670112609863e-01 1.204151227448155802e-02 9.496267807353389045e-01 4.062500000000000000e-01
3.445140719413757324e-01 1.200421228712575568e-02 9.447246862976634851e-01 4.375000000000000000e-01
3.416814804077148438e-01 1.198968621156596727e-02 9.411657909860131621e-01 4.062500000000000000e-01
3.381377458572387695e-01 1.201427217732099241e-02 9.388513547232884005e-01 4.062500000000000000e-01
3.344001471996307373e-01 1.203979779383979737e-02 9.363900368916205919e-01 4.062500000000000000e-01
3.311460018157958984e-01 1.203228584092113154e-02 9.327602938618524409e-01 3.750000000000000000e-01
3.283490836620330811e-01 1.201520831501510893e-02 9.291094994127885309e-01 4.062500000000000000e-01
3.245820105075836182e-01 1.202293661751397021e-02 9.257288413832821528e-01 4.062500000000000000e-01
3.203260302543640137e-01 1.202440547849535982e-02 9.215463041791319698e-01 4.062500000000000000e-01
3.156006336212158203e-01 1.203224962055739200e-02 9.172131146490853926e-01 4.062500000000000000e-01
3.106760978698730469e-01 1.205891092461446046e-02 9.136216441005960975e-01 4.062500000000000000e-01
3.078477382659912109e-01 1.206217755570509337e-02 9.109566160512458932e-01 4.062500000000000000e-01
3.080992996692657471e-01 1.201876181288069959e-02 9.090373903133007749e-01 3.750000000000000000e-01
3.043517172336578369e-01 1.206607233083690535e-02 9.076553337755031148e-01 3.750000000000000000e-01
3.075947463512420654e-01 1.205142683593680292e-02 9.101660881480821974e-01 3.750000000000000000e-01
3.049336373805999756e-01 1.198919122912130847e-02 9.043931988366653574e-01 3.750000000000000000e-01
2.995146512985229492e-01 1.211215248082622015e-02 9.051222753398339149e-01 3.750000000000000000e-01
2.974760532379150391e-01 1.202138965807736382e-02 8.985455361417832298e-01 3.125000000000000000e-01
2.952344119548797607e-01 1.203493094222381557e-02 8.969809590660705600e-01 3.125000000000000000e-01
2.923971116542816162e-01 1.201949056155067128e-02 8.933716397318152147e-01 3.125000000000000000e-01
2.906191349029541016e-01 1.208546230172292610e-02 8.948922499891004412e-01 3.125000000000000000e-01
2.942347228527069092e-01 1.194326845314665556e-02 8.913981455100397078e-01 3.437500000000000000e-01
2.936689257621765137e-01 1.196215202753629463e-02 8.917765271389912485e-01 3.125000000000000000e-01
2.887452244758605957e-01 1.196300929246733868e-02 8.868956890992275577e-01 3.125000000000000000e-01
2.818420529365539551e-01 1.210235792554103552e-02 8.869599492136057695e-01 2.500000000000000000e-01
2.783375680446624756e-01 1.208296303096091130e-02 8.824857195927080511e-01 2.500000000000000000e-01
2.785028815269470215e-01 1.199616855057085082e-02 8.783113090554895974e-01 3.125000000000000000e-01
2.772333621978759766e-01 1.197774527479977119e-02 8.761206259378645500e-01 3.125000000000000000e-01
2.741577029228210449e-01 1.201367118861713414e-02 8.748412623536777621e-01 3.750000000000000000e-01
2.714428305625915527e-01 1.201403611808474561e-02 8.721446364668288265e-01 3.437500000000000000e-01
2.680726647377014160e-01 1.203891587789721399e-02 8.700184586325621083e-01 3.125000000000000000e-01
2.645246088504791260e-01 1.206786025899789401e-02 8.679176218003737953e-01 2.812500000000000000e-01
2.649386525154113770e-01 1.201351464395220350e-02 8.656143847130215452e-01 3.125000000000000000e-01
2.622815966606140137e-01 1.201254497816607245e-02 8.629088455689176707e-01 2.812500000000000000e-01
2.589500546455383301e-01 1.207053147954603375e-02 8.624766286228400247e-01 2.812500000000000000e-01
2.577561140060424805e-01 1.201402422702558745e-02 8.584573253573218876e-01 2.812500000000000000e-01
2.573534846305847168e-01 1.199427998261691844e-02 8.570674837614306041e-01 3.437500000000000000e-01
2.557623386383056641e-01 1.199730153095929404e-02 8.556274151862703903e-01 3.125000000000000000e-01
2.552818953990936279e-01 1.196438374983267543e-02 8.535010828907273472e-01 3.125000000000000000e-01
2.521407008171081543e-01 1.198379670231730122e-02 8.513305359329732536e-01 3.437500000000000000e-01
2.474289387464523315e-01 1.202741563372511369e-02 8.487997204327080158e-01 3.125000000000000000e-01
