3.232061862945556641e-01 2.604950636835101641e-02 1.625681504712106484e+00 8.750000000000000000e-01
3.392729163169860840e-01 5.683875341048653246e-02 3.181210586841312526e+00 6.875000000000000000e-01
3.283427357673645020e-01 1.822672617384599528e-02 1.239679044459664148e+00 7.187500000000000000e-01
3.365204334259033203e-01 1.577571611562344697e-02 1.125306239207075620e+00 8.437500000000000000e-01
3.520947694778442383e-01 1.615882004267847616e-02 1.160035771611767963e+00 8.437500000000000000e-01
3.633763790130615234e-01 1.640536974340921217e-02 1.183644866183522160e+00 8.437500000000000000e-01
3.712296783924102783e-01 1.501529543519077373e-02 1.121994450151948985e+00 8.125000000000000000e-01
3.802111744880676270e-01 1.326916528376276272e-02 1.043669438676205763e+00 7.812500000000000000e-01
3.885208964347839355e-01 1.193650588227852805e-02 9.853461905487103101e-01 7.812500000000000000e-01
3.964086472988128662e-01 1.192000939044692009e-02 9.924091168211588432e-01 8.125000000000000000e-01
4.017764031887054443e-01 1.197765585403162691e-02 1.000659195890286846e+00 8.125000000000000000e-01
4.039233922958374023e-01 1.277315150318887420e-02 1.042580967455281060e+00 7.812500000000000000e-01
3.936286270618438721e-01 1.187727996014021487e-02 9.874926250688546014e-01 8.125000000000000000e-01
3.818490505218505859e-01 1.184670175411009323e-02 9.741841382273552785e-01 8.437500000000000000e-01
3.693183958530426025e-01 1.184334538988881733e-02 9.614856653474834758e-01 8.750000000000000000e-01
3.565342724323272705e-01 1.185403487097827502e-02 9.492360159812409659e-01 9.062500000000000000e-01
3.438558578491210938e-01 1.187410887150576813e-02 9.375613014244095211e-01 9.062500000000000000e-01
3.314740657806396484e-01 1.191270670069491736e-02 9.271094008153855093e-01 9.375000000000000000e-01
3.196529150009155273e-01 1.195323949874348840e-02 9.173148899380899612e-01 9.375000000000000000e-01
3.084141314029693604e-01 1.196691461344059383e-02 9.067598620749990346e-01 9.375000000000000000e-01
2.973949015140533447e-01 1.195384577733727555e-02 8.950871903809171082e-01 9.375000000000000000e-01
2.861919701099395752e-01 1.193118314620394450e-02 8.827511274201368385e-01 9.062500000000000000e-01
2.745788097381591797e-01 1.190501740235751921e-02 8.698296798560350984e-01 9.062500000000000000e-01
2.625678181648254395e-01 1.188537160411076363e-02 8.568363983703636277e-01 9.062500000000000000e-01
2.504560947418212891e-01 1.187273679874660190e-02 8.440929346791513632e-01 9.062500000000000000e-01
2.393449991941452026e-01 1.186825337124487387e-02 8.327576677563889307e-01 9.062500000000000000e-01
2.305566221475601196e-01 1.185509614443185436e-02 8.233114293691528029e-01 8.750000000000000000e-01
2.247817069292068481e-01 1.185084045374908655e-02 8.173237296166612209e-01 8.437500000000000000e-01
2.225989699363708496e-01 1.196713079719755046e-02 8.209555097962484282e-01 8.437500000000000000e-01
2.214068472385406494e-01 1.188291069203058041e-02 8.155523818400696179e-01 8.125000000000000000e-01
2.193644940853118896e-01 1.183629103609599303e-02 8.111790458901115830e-01 8.125000000000000000e-01
2.163167595863342285e-01 1.183763365287048008e-02 8.081984422298582604e-01 8.437500000000000000e-01
2.122679948806762695e-01 1.184458831064639367e-02 8.044974104129959391e-01 8.750000000000000000e-01
2.075299620628356934e-01 1.184926053332794292e-02 7.999929887292328567e-01 8.750000000000000000e-01
2.023743391036987305e-01 1.185714024508351463e-02 7.952313513578744830e-01 8.750000000000000000e-01
1.974493861198425293e-01 1.187630699545894064e-02 7.912647358927895613e-01 9.062500000000000000e-01
1.930703669786453247e-01 1.189191375723203797e-02 7.876660548402472095e-01 9.062500000000000000e-01
1.894038915634155273e-01 1.190959475920641553e-02 7.848836295237362481e-01 9.062500000000000000e-01
1.862321794033050537e-01 1.190697722823684870e-02 7.815810408151474542e-01 9.062500000000000000e-01
1.832422018051147461e-01 1.189473082228353212e-02 7.779787429192913661e-01 8.750000000000000000e-01
1.801607757806777954e-01 1.188469022893822585e-02 7.743952872275891020e-01 8.437500000000000000e-01
1.768181622028350830e-01 1.188056977702534218e-02 7.708466510541022165e-01 8.437500000000000000e-01
1.733658909797668457e-01 1.190705526495988015e-02 7.687186542277608670e-01 8.437500000000000000e-01
1.706991195678710938e-01 1.191622688771183658e-02 7.665104639534628950e-01 8.437500000000000000e-01
1.690913140773773193e-01 1.186061292737133552e-02 7.621219604459440466e-01 8.437500000000000000e-01
1.674051135778427124e-01 1.184391624849566275e-02 7.596009260026258536e-01 8.437500000000000000e-01
1.650283783674240112e-01 1.184415939339915347e-02 7.572363480373817124e-01 8.125000000000000000e-01
1.617762595415115356e-01 1.184708885099923156e-02 7.541307020914731485e-01 8.125000000000000000e-01
1.578256189823150635e-01 1.185226117741124997e-02 7.504386778528775448e-01 8.125000000000000000e-01
1.535982191562652588e-01 1.186405082022082974e-02 7.468007601673067875e-01 8.125000000000000000e-01
1.493354439735412598e-01 1.189064841786991941e-02 7.438678648670372651e-01 8.125000000000000000e-01
1.455302089452743530e-01 1.192314421278954824e-02 7.416874195847518170e-01 8.125000000000000000e-01
1.427454054355621338e-01 1.191752238877641368e-02 7.386215248743828177e-01 8.125000000000000000e-01
1.406210213899612427e-01 1.190296642847751309e-02 7.357693428138368796e-01 8.437500000000000000e-01
1.386611461639404297e-01 1.189369217829527002e-02 7.333457550787039203e-01 8.437500000000000000e-01
1.365152895450592041e-01 1.188677386813630221e-02 7.308539829518743147e-01 8.437500000000000000e-01
1.341419667005538940e-01 1.188205004204270776e-02 7.282444688026892265e-01 8.437500000000000000e-01
1.314166486263275146e-01 1.188297487563809082e-02 7.255653924082320350e-01 8.437500000000000000e-01
1.284292191267013550e-01 1.189223128891567401e-02 7.230407835724850241e-01 8.437500000000000000e-01
1.257212609052658081e-01 1.189905390421150573e-02 7.206739561158410634e-01 8.437500000000000000e-01
1.234569549560546875e-01 1.188661115212481280e-02 7.177875125622953378e-01 8.437500000000000000e-01
1.212005317211151123e-01 1.187611335871441125e-02 7.150061996568356504e-01 8.437500000000000000e-01
1.187944784760475159e-01 1.187818837111710366e-02 7.127038970319027333e-01 8.437500000000000000e-01
1.164571121335029602e-01 1.188345197177524161e-02 7.106297107222649956e-01 8.437500000000000000e-01
1.137382090091705322e-01 1.189334475007475418e-02 7.084054465129082656e-01 8.437500000000000000e-01
1.110214591026306152e-01 1.190667270601985205e-02 7.063550944036232071e-01 8.437500000000000000e-01
1.093063727021217346e-01 1.190838533541084543e-02 7.047256394726639783e-01 8.437500000000000000e-01
1.077465340495109558e-01 1.189883898374904762e-02 7.026884832369633127e-01 8.437500000000000000e-01
1.059886738657951355e-01 1.189097790033248614e-02 7.005375688824194702e-01 8.437500000000000000e-01
1.045380979776382446e-01 1.188822085375142341e-02 6.989491406652094119e-01 8.437500000000000000e-01
1.022834852337837219e-01 1.189212575733032511e-02 6.968897731002999807e-01 8.437500000000000000e-01
9.996020048856735229e-02 1.189862024766426794e-02 6.948912128717807946e-01 8.437500000000000000e-01
9.819802641868591309e-02 1.190553867504797955e-02 6.934749601710848976e-01 8.125000000000000000e-01
9.663043171167373657e-02 1.191023459927994903e-02 6.921421616756712192e-01 8.125000000000000000e-01
9.484689682722091675e-02 1.191356650348354695e-02 6.905252220013982090e-01 8.437500000000000000e-01
9.306827187538146973e-02 1.191631592555976449e-02 6.888840681533696664e-01 8.437500000000000000e-01
9.130541980266571045e-02 1.192220041038761710e-02 6.874154403220466003e-01 8.437500000000000000e-01
8.940193802118301392e-02 1.192874602270749262e-02 6.858392391565576451e-01 8.437500000000000000e-01
8.775495737791061401e-02 1.193201236129230736e-02 6.843555754425260096e-01 8.437500000000000000e-01
8.625802397727966309e-02 1.193353908325119929e-02 6.829349781398396102e-01 8.437500000000000000e-01
8.448673039674758911e-02 1.193777361611174717e-02 6.813754112023349130e-01 8.437500000000000000e-01
8.262529969215393066e-02 1.194505792514197542e-02 6.798781959492526950e-01 8.750000000000000000e-01
8.116678148508071899e-02 1.194839297676294002e-02 6.785864303232277406e-01 8.437500000000000000e-01
7.994572818279266357e-02 1.194538515694060568e-02 6.772149860298229962e-01 8.437500000000000000e-01
7.873941212892532349e-02 1.194255849322720109e-02 6.758673367902854334e-01 8.437500000000000000e-01
7.741353660821914673e-02 1.194370517180553398e-02 6.745987951984958597e-01 8.437500000000000000e-01
7.593154162168502808e-02 1.194798863773200923e-02 6.733309735082855241e-01 8.437500000000000000e-01
7.440392673015594482e-02 1.195418438203540989e-02 6.721131458319264951e-01 8.437500000000000000e-01
7.313399016857147217e-02 1.195710853407977274e-02 6.709894168725600849e-01 8.437500000000000000e-01
7.205734401941299438e-02 1.195881029405852433e-02 6.699978587223391902e-01 8.437500000000000000e-01
7.090242207050323486e-02 1.196080410301238531e-02 6.689426272211225211e-01 8.437500000000000000e-01
6.956645846366882324e-02 1.196286843457442309e-02 6.677098801923899707e-01 8.437500000000000000e-01
6.826411932706832886e-02 1.196749132929940743e-02 6.666386857920386655e-01 8.437500000000000000e-01
6.733629107475280762e-02 1.196918815903314122e-02 6.657956990264098929e-01 8.437500000000000000e-01
6.663681566715240479e-02 1.196633512526849678e-02 6.649535719305772474e-01 8.437500000000000000e-01
6.562671065330505371e-02 1.196645832425773104e-02 6.639496268661916334e-01 8.437500000000000000e-01
6.422757357358932495e-02 1.197225630381230921e-02 6.628403887642048131e-01 8.437500000000000000e-01
6.300470232963562012e-02 1.197724569053087475e-02 6.618669868561793956e-01 8.437500000000000000e-01
6.219131872057914734e-02 1.197775458854078226e-02 6.610790481476183089e-01 8.437500000000000000e-01
6.147652119398117065e-02 1.197756389908207625e-02 6.603547161480849415e-01 8.437500000000000000e-01
