9.044459403639848460e-08 4.052307307720184326e-01 2.026153564453125000e+01 0.000000000000000000e+00
2.453074306249618530e-01 1.875869035720825195e-01 9.624651908874511719e+00 0.000000000000000000e+00
4.394208490848541260e-01 6.459543108940124512e-02 3.669192552566528320e+00 0.000000000000000000e+00
5.557395815849304199e-01 1.720632985234260559e-02 1.416056156158447266e+00 0.000000000000000000e+00
6.455581784248352051e-01 1.270682550966739655e-02 1.280899524688720703e+00 0.000000000000000000e+00
7.128445506095886230e-01 1.576890051364898682e-02 1.501289606094360352e+00 0.000000000000000000e+00
7.612381577491760254e-01 1.308409683406352997e-02 1.415442943572998047e+00 0.000000000000000000e+00
7.949837446212768555e-01 1.622361876070499420e-02 1.606164693832397461e+00 0.000000000000000000e+00
8.101970553398132324e-01 2.204518206417560577e-02 1.912456274032592773e+00 0.000000000000000000e+00
8.211945891380310059e-01 2.218787185847759247e-02 1.930588245391845703e+00 0.000000000000000000e+00
8.306061625480651855e-01 2.727781608700752258e-02 2.194496870040893555e+00 0.000000000000000000e+00
8.359239101409912109e-01 2.858339995145797729e-02 2.265093803405761719e+00 0.000000000000000000e+00
8.345373272895812988e-01 2.973351813852787018e-02 2.321213245391845703e+00 0.000000000000000000e+00
8.269798159599304199e-01 2.834166027605533600e-02 2.244062900543212891e+00 0.000000000000000000e+00
8.181915879249572754e-01 2.628646232187747955e-02 2.132514715194702148e+00 0.000000000000000000e+00
8.109451532363891602e-01 2.358022518455982208e-02 1.989956378936767578e+00 0.000000000000000000e+00
8.049379587173461914e-01 2.101412788033485413e-02 1.855644345283508301e+00 0.000000000000000000e+00
7.962443828582763672e-01 1.830842532217502594e-02 1.711665630340576172e+00 0.000000000000000000e+00
7.843925356864929199e-01 1.520822383463382721e-02 1.544803738594055176e+00 0.000000000000000000e+00
7.709567546844482422e-01 1.442112959921360016e-02 1.492013216018676758e+00 0.000000000000000000e+00
7.546995282173156738e-01 1.177604030817747116e-02 1.343501567840576172e+00 0.000000000000000000e+00
7.333264350891113281e-01 9.461198002099990845e-03 1.206386327743530273e+00 0.000000000000000000e+00
7.135977745056152344e-01 8.790353313088417053e-03 1.153115510940551758e+00 3.125000000000000000e-02
6.962507367134094238e-01 8.775593712925910950e-03 1.135030388832092285e+00 0.000000000000000000e+00
6.781346797943115234e-01 7.956351153552532196e-03 1.075952291488647461e+00 0.000000000000000000e+00
6.658385396003723145e-01 4.874701146036386490e-03 9.095736145973205566e-01 0.000000000000000000e+00
6.516780257225036621e-01 5.672223400324583054e-03 9.352892041206359863e-01 0.000000000000000000e+00
6.355828642845153809e-01 4.506995901465415955e-03 8.609326481819152832e-01 0.000000000000000000e+00
6.195897459983825684e-01 6.496797315776348114e-03 9.444296360015869141e-01 0.000000000000000000e+00
6.094022989273071289e-01 6.171693094074726105e-03 9.179869890213012695e-01 0.000000000000000000e+00
5.977852344512939453e-01 4.687612876296043396e-03 8.321658968925476074e-01 0.000000000000000000e+00
5.866563320159912109e-01 7.053382694721221924e-03 9.393254518508911133e-01 0.000000000000000000e+00
5.763812065124511719e-01 4.528501071035861969e-03 8.028062582015991211e-01 0.000000000000000000e+00
5.660426616668701172e-01 8.002143353223800659e-03 9.661498069763183594e-01 0.000000000000000000e+00
5.554860830307006836e-01 8.119634352624416351e-03 9.614678025245666504e-01 0.000000000000000000e+00
5.480673313140869141e-01 5.015872884541749954e-03 7.988609671592712402e-01 0.000000000000000000e+00
5.411984920501708984e-01 6.730151362717151642e-03 8.777060508728027344e-01 0.000000000000000000e+00
5.323720574378967285e-01 7.159684784710407257e-03 8.903563022613525391e-01 0.000000000000000000e+00
5.250331163406372070e-01 5.774918477982282639e-03 8.137789964675903320e-01 0.000000000000000000e+00
5.184290409088134766e-01 3.877915907651185989e-03 7.123248577117919922e-01 0.000000000000000000e+00
5.083950161933898926e-01 3.407406387850642204e-03 6.787653565406799316e-01 0.000000000000000000e+00
5.002546906471252441e-01 4.201714415103197098e-03 7.103403806686401367e-01 0.000000000000000000e+00
4.915842413902282715e-01 3.924086689949035645e-03 6.877886056900024414e-01 0.000000000000000000e+00
4.833312332630157471e-01 3.599158953875303268e-03 6.632891893386840820e-01 0.000000000000000000e+00
4.753808677196502686e-01 3.133801044896245003e-03 6.320708990097045898e-01 0.000000000000000000e+00
4.678039252758026123e-01 3.009289968758821487e-03 6.182684302330017090e-01 0.000000000000000000e+00
4.607270359992980957e-01 3.362744580954313278e-03 6.288642883300781250e-01 0.000000000000000000e+00
4.542965590953826904e-01 3.924671560525894165e-03 6.505300998687744141e-01 0.000000000000000000e+00
4.481669664382934570e-01 3.328222781419754028e-03 6.145781278610229492e-01 0.000000000000000000e+00
4.419633150100708008e-01 3.893817309290170670e-03 6.366541981697082520e-01 0.000000000000000000e+00
