5.829780697822570801e-01 0.000000000000000000e+00 5.829780697822570801e-01 0.000000000000000000e+00
4.991327524185180664e-01 0.000000000000000000e+00 4.991327524185180664e-01 0.000000000000000000e+00
4.614167511463165283e-01 0.000000000000000000e+00 4.614167511463165283e-01 0.000000000000000000e+00
3.991144597530364990e-01 0.000000000000000000e+00 3.991144597530364990e-01 0.000000000000000000e+00
3.389209508895874023e-01 0.000000000000000000e+00 3.389209508895874023e-01 0.000000000000000000e+00
3.150507509708404541e-01 0.000000000000000000e+00 3.150507509708404541e-01 0.000000000000000000e+00
3.065844476222991943e-01 0.000000000000000000e+00 3.065844476222991943e-01 0.000000000000000000e+00
2.914524674415588379e-01 0.000000000000000000e+00 2.914524674415588379e-01 0.000000000000000000e+00
2.702084779739379883e-01 0.000000000000000000e+00 2.702084779739379883e-01 0.000000000000000000e+00
2.441895306110382080e-01 0.000000000000000000e+00 2.441895306110382080e-01 0.000000000000000000e+00
2.259885817766189575e-01 0.000000000000000000e+00 2.259885817766189575e-01 0.000000000000000000e+00
2.168723344802856445e-01 0.000000000000000000e+00 2.168723344802856445e-01 0.000000000000000000e+00
2.071533948183059692e-01 0.000000000000000000e+00 2.071533948183059692e-01 0.000000000000000000e+00
2.027986347675323486e-01 0.000000000000000000e+00 2.027986347675323486e-01 0.000000000000000000e+00
1.992541104555130005e-01 0.000000000000000000e+00 1.992541104555130005e-01 0.000000000000000000e+00
1.924957633018493652e-01 0.000000000000000000e+00 1.924957633018493652e-01 0.000000000000000000e+00
1.797918677330017090e-01 0.000000000000000000e+00 1.797918677330017090e-01 0.000000000000000000e+00
1.673034727573394775e-01 0.000000000000000000e+00 1.673034727573394775e-01 0.000000000000000000e+00
1.618555486202239990e-01 0.000000000000000000e+00 1.618555486202239990e-01 0.000000000000000000e+00
1.608264297246932983e-01 0.000000000000000000e+00 1.608264297246932983e-01 0.000000000000000000e+00
1.588673740625381470e-01 0.000000000000000000e+00 1.588673740625381470e-01 0.000000000000000000e+00
1.545820832252502441e-01 0.000000000000000000e+00 1.545820832252502441e-01 0.000000000000000000e+00
1.552588343620300293e-01 0.000000000000000000e+00 1.552588343620300293e-01 0.000000000000000000e+00
1.538972407579421997e-01 0.000000000000000000e+00 1.538972407579421997e-01 0.000000000000000000e+00
1.503662467002868652e-01 0.000000000000000000e+00 1.503662467002868652e-01 0.000000000000000000e+00
1.461487263441085815e-01 0.000000000000000000e+00 1.461487263441085815e-01 0.000000000000000000e+00
1.459271460771560669e-01 0.000000000000000000e+00 1.459271460771560669e-01 0.000000000000000000e+00
1.430640220642089844e-01 0.000000000000000000e+00 1.430640220642089844e-01 0.000000000000000000e+00
1.406053304672241211e-01 0.000000000000000000e+00 1.406053304672241211e-01 0.000000000000000000e+00
1.419619023799896240e-01 0.000000000000000000e+00 1.419619023799896240e-01 0.000000000000000000e+00
1.423552632331848145e-01 0.000000000000000000e+00 1.423552632331848145e-01 0.000000000000000000e+00
1.410540342330932617e-01 0.000000000000000000e+00 1.410540342330932617e-01 0.000000000000000000e+00
1.403474509716033936e-01 0.000000000000000000e+00 1.403474509716033936e-01 0.000000000000000000e+00
1.390655040740966797e-01 0.000000000000000000e+00 1.390655040740966797e-01 0.000000000000000000e+00
1.359384655952453613e-01 0.000000000000000000e+00 1.359384655952453613e-01 0.000000000000000000e+00
1.342077255249023438e-01 0.000000000000000000e+00 1.342077255249023438e-01 0.000000000000000000e+00
1.336597800254821777e-01 0.000000000000000000e+00 1.336597800254821777e-01 0.000000000000000000e+00
1.321338415145874023e-01 0.000000000000000000e+00 1.321338415145874023e-01 0.000000000000000000e+00
1.323752254247665405e-01 0.000000000000000000e+00 1.323752254247665405e-01 0.000000000000000000e+00
1.318360418081283569e-01 0.000000000000000000e+00 1.318360418081283569e-01 0.000000000000000000e+00
1.303902119398117065e-01 0.000000000000000000e+00 1.303902119398117065e-01 0.000000000000000000e+00
1.304188668727874756e-01 0.000000000000000000e+00 1.304188668727874756e-01 0.000000000000000000e+00
1.296603530645370483e-01 0.000000000000000000e+00 1.296603530645370483e-01 0.000000000000000000e+00
1.282705962657928467e-01 0.000000000000000000e+00 1.282705962657928467e-01 0.000000000000000000e+00
1.282425075769424438e-01 0.000000000000000000e+00 1.282425075769424438e-01 0.000000000000000000e+00
1.273836642503738403e-01 0.000000000000000000e+00 1.273836642503738403e-01 0.000000000000000000e+00
1.260907799005508423e-01 0.000000000000000000e+00 1.260907799005508423e-01 0.000000000000000000e+00
1.258170604705810547e-01 0.000000000000000000e+00 1.258170604705810547e-01 0.000000000000000000e+00
1.249435320496559143e-01 0.000000000000000000e+00 1.249435320496559143e-01 0.000000000000000000e+00
1.246521398425102234e-01 0.000000000000000000e+00 1.246521398425102234e-01 0.000000000000000000e+00
1.238519698381423950e-01 0.000000000000000000e+00 1.238519698381423950e-01 0.000000000000000000e+00
1.233093813061714172e-01 0.000000000000000000e+00 1.233093813061714172e-01 0.000000000000000000e+00
1.229074224829673767e-01 0.000000000000000000e+00 1.229074224829673767e-01 0.000000000000000000e+00
1.220416352152824402e-01 0.000000000000000000e+00 1.220416352152824402e-01 0.000000000000000000e+00
1.217755377292633057e-01 0.000000000000000000e+00 1.217755377292633057e-01 0.000000000000000000e+00
1.210847944021224976e-01 0.000000000000000000e+00 1.210847944021224976e-01 0.000000000000000000e+00
1.206431463360786438e-01 0.000000000000000000e+00 1.206431463360786438e-01 0.000000000000000000e+00
1.199908852577209473e-01 0.000000000000000000e+00 1.199908852577209473e-01 0.000000000000000000e+00
1.193577796220779419e-01 0.000000000000000000e+00 1.193577796220779419e-01 0.000000000000000000e+00
1.188228055834770203e-01 0.000000000000000000e+00 1.188228055834770203e-01 0.000000000000000000e+00
1.182330772280693054e-01 0.000000000000000000e+00 1.182330772280693054e-01 0.000000000000000000e+00
1.178310588002204895e-01 0.000000000000000000e+00 1.178310588002204895e-01 0.000000000000000000e+00
1.172914132475852966e-01 0.000000000000000000e+00 1.172914132475852966e-01 0.000000000000000000e+00
1.168551817536354065e-01 0.000000000000000000e+00 1.168551817536354065e-01 0.000000000000000000e+00
1.163088902831077576e-01 0.000000000000000000e+00 1.163088902831077576e-01 0.000000000000000000e+00
1.158532351255416870e-01 0.000000000000000000e+00 1.158532351255416870e-01 0.000000000000000000e+00
1.153597086668014526e-01 0.000000000000000000e+00 1.153597086668014526e-01 0.000000000000000000e+00
1.149235889315605164e-01 0.000000000000000000e+00 1.149235889315605164e-01 0.000000000000000000e+00
1.145421043038368225e-01 0.000000000000000000e+00 1.145421043038368225e-01 0.000000000000000000e+00
1.151286587119102478e-01 0.000000000000000000e+00 1.151286587119102478e-01 0.000000000000000000e+00
1.174392476677894592e-01 0.000000000000000000e+00 1.174392476677894592e-01 0.000000000000000000e+00
1.183150708675384521e-01 0.000000000000000000e+00 1.183150708675384521e-01 0.000000000000000000e+00
1.141920089721679688e-01 0.000000000000000000e+00 1.141920089721679688e-01 0.000000000000000000e+00
1.122099682688713074e-01 0.000000000000000000e+00 1.122099682688713074e-01 0.000000000000000000e+00
1.145809739828109741e-01 0.000000000000000000e+00 1.145809739828109741e-01 0.000000000000000000e+00
1.152648553252220154e-01 0.000000000000000000e+00 1.152648553252220154e-01 0.000000000000000000e+00
1.114604547619819641e-01 0.000000000000000000e+00 1.114604547619819641e-01 0.000000000000000000e+00
1.109560653567314148e-01 0.000000000000000000e+00 1.109560653567314148e-01 0.000000000000000000e+00
1.127581000328063965e-01 0.000000000000000000e+00 1.127581000328063965e-01 0.000000000000000000e+00
1.106068640947341919e-01 0.000000000000000000e+00 1.106068640947341919e-01 0.000000000000000000e+00
1.090381070971488953e-01 0.000000000000000000e+00 1.090381070971488953e-01 0.000000000000000000e+00
1.104229763150215149e-01 0.000000000000000000e+00 1.104229763150215149e-01 0.000000000000000000e+00
1.103145778179168701e-01 0.000000000000000000e+00 1.103145778179168701e-01 0.000000000000000000e+00
1.082852333784103394e-01 0.000000000000000000e+00 1.082852333784103394e-01 0.000000000000000000e+00
1.078692153096199036e-01 0.000000000000000000e+00 1.078692153096199036e-01 0.000000000000000000e+00
1.079173535108566284e-01 0.000000000000000000e+00 1.079173535108566284e-01 0.000000000000000000e+00
1.084226667881011963e-01 0.000000000000000000e+00 1.084226667881011963e-01 0.000000000000000000e+00
1.081558391451835632e-01 0.000000000000000000e+00 1.081558391451835632e-01 0.000000000000000000e+00
1.060299649834632874e-01 0.000000000000000000e+00 1.060299649834632874e-01 0.000000000000000000e+00
1.054339632391929626e-01 0.000000000000000000e+00 1.054339632391929626e-01 0.000000000000000000e+00
1.063379794359207153e-01 0.000000000000000000e+00 1.063379794359207153e-01 0.000000000000000000e+00
1.067722737789154053e-01 0.000000000000000000e+00 1.067722737789154053e-01 0.000000000000000000e+00
1.052870526909828186e-01 0.000000000000000000e+00 1.052870526909828186e-01 0.000000000000000000e+00
1.043089926242828369e-01 0.000000000000000000e+00 1.043089926242828369e-01 0.000000000000000000e+00
1.044824123382568359e-01 0.000000000000000000e+00 1.044824123382568359e-01 0.000000000000000000e+00
1.049998402595520020e-01 0.000000000000000000e+00 1.049998402595520020e-01 0.000000000000000000e+00
1.045226305723190308e-01 0.000000000000000000e+00 1.045226305723190308e-01 0.000000000000000000e+00
1.042192727327346802e-01 0.000000000000000000e+00 1.042192727327346802e-01 0.000000000000000000e+00
1.026415750384330750e-01 0.000000000000000000e+00 1.026415750384330750e-01 0.000000000000000000e+00
1.024246588349342346e-01 0.000000000000000000e+00 1.024246588349342346e-01 0.000000000000000000e+00
