1.087892442797055992e-07 4.074923992156982422e-01 2.037462043762207031e+01 0.000000000000000000e+00
2.498978078365325928e-01 1.927602887153625488e-01 9.887912750244140625e+00 0.000000000000000000e+00
4.490410983562469482e-01 1.530246585607528687e-01 8.100274085998535156e+00 0.000000000000000000e+00
5.134861469268798828e-01 1.759130060672760010e-01 9.309136390686035156e+00 0.000000000000000000e+00
5.282919406890869141e-01 1.850352138280868530e-01 9.780052185058593750e+00 0.000000000000000000e+00
5.091757774353027344e-01 1.660204976797103882e-01 8.810199737548828125e+00 0.000000000000000000e+00
4.696388542652130127e-01 1.359793543815612793e-01 7.268606662750244141e+00 0.000000000000000000e+00
4.206394851207733154e-01 1.073420047760009766e-01 5.787739753723144531e+00 0.000000000000000000e+00
3.726726770401000977e-01 9.934711456298828125e-02 5.340028285980224609e+00 0.000000000000000000e+00
3.401229381561279297e-01 1.183087080717086792e-01 6.255558013916015625e+00 0.000000000000000000e+00
3.214257359504699707e-01 1.269053369760513306e-01 6.666692733764648438e+00 0.000000000000000000e+00
3.115147352218627930e-01 1.247345954179763794e-01 6.548244476318359375e+00 0.000000000000000000e+00
3.121564090251922607e-01 1.105267554521560669e-01 5.838493824005126953e+00 0.000000000000000000e+00
3.208162188529968262e-01 9.845779836177825928e-02 5.243705749511718750e+00 0.000000000000000000e+00
3.396791517734527588e-01 8.943538367748260498e-02 4.811448574066162109e+00 0.000000000000000000e+00
3.636709153652191162e-01 8.694258332252502441e-02 4.710800170898437500e+00 0.000000000000000000e+00
3.828764259815216064e-01 8.939838409423828125e-02 4.852795600891113281e+00 0.000000000000000000e+00
3.922360539436340332e-01 9.178504347801208496e-02 4.981488227844238281e+00 0.000000000000000000e+00
3.925113379955291748e-01 8.957704901695251465e-02 4.871363639831542969e+00 0.000000000000000000e+00
3.869729936122894287e-01 8.585275709629058838e-02 4.679610729217529297e+00 0.000000000000000000e+00
3.753682672977447510e-01 8.170203864574432373e-02 4.460470199584960938e+00 0.000000000000000000e+00
3.530107438564300537e-01 7.756078243255615234e-02 4.231050014495849609e+00 0.000000000000000000e+00
3.307804763317108154e-01 7.663483917713165283e-02 4.162522315979003906e+00 0.000000000000000000e+00
3.137481212615966797e-01 7.851614803075790405e-02 4.239555358886718750e+00 0.000000000000000000e+00
3.033053278923034668e-01 7.556843012571334839e-02 4.081726551055908203e+00 0.000000000000000000e+00
2.961010038852691650e-01 7.500824332237243652e-02 4.046513080596923828e+00 0.000000000000000000e+00
2.993962466716766357e-01 7.236159592866897583e-02 3.917476177215576172e+00 0.000000000000000000e+00
3.073516488075256348e-01 6.621068716049194336e-02 3.617886066436767578e+00 0.000000000000000000e+00
3.150509297847747803e-01 6.013279035687446594e-02 3.321690320968627930e+00 0.000000000000000000e+00
3.264670670032501221e-01 5.690713971853256226e-02 3.171823978424072266e+00 0.000000000000000000e+00
3.350580930709838867e-01 5.685834214091300964e-02 3.177975177764892578e+00 0.000000000000000000e+00
3.390170037746429443e-01 5.273339152336120605e-02 2.975686550140380859e+00 0.000000000000000000e+00
3.420228064060211182e-01 5.310502648353576660e-02 2.997274160385131836e+00 0.000000000000000000e+00
3.450656831264495850e-01 4.905402660369873047e-02 2.797766923904418945e+00 0.000000000000000000e+00
3.444251120090484619e-01 5.228277295827865601e-02 2.958563804626464844e+00 0.000000000000000000e+00
3.500182628631591797e-01 5.115456134080886841e-02 2.907746315002441406e+00 0.000000000000000000e+00
3.606670498847961426e-01 4.755944758653640747e-02 2.738639354705810547e+00 0.000000000000000000e+00
3.738682568073272705e-01 4.773698747158050537e-02 2.760717630386352539e+00 0.000000000000000000e+00
3.882913589477539062e-01 4.545958712697029114e-02 2.661270618438720703e+00 0.000000000000000000e+00
3.969871997833251953e-01 4.634099453687667847e-02 2.714036941528320312e+00 0.000000000000000000e+00
3.960408270359039307e-01 4.612151160836219788e-02 2.702116489410400391e+00 0.000000000000000000e+00
3.830593526363372803e-01 4.053984582424163818e-02 2.410051584243774414e+00 0.000000000000000000e+00
3.669110238552093506e-01 3.992525860667228699e-02 2.363173961639404297e+00 0.000000000000000000e+00
3.556441366672515869e-01 4.115946218371391296e-02 2.413617372512817383e+00 0.000000000000000000e+00
3.563616573810577393e-01 3.320155665278434753e-02 2.016439437866210938e+00 0.000000000000000000e+00
3.589863479137420654e-01 3.567324578762054443e-02 2.142648696899414062e+00 0.000000000000000000e+00
3.551416695117950439e-01 3.226172551512718201e-02 1.968227863311767578e+00 0.000000000000000000e+00
3.469982147216796875e-01 3.184986114501953125e-02 1.939491271972656250e+00 0.000000000000000000e+00
3.462052941322326660e-01 3.524798154830932617e-02 2.108604431152343750e+00 0.000000000000000000e+00
3.567137420177459717e-01 2.926879934966564178e-02 1.820153713226318359e+00 0.000000000000000000e+00
