7.136992216110229492e-01 0.000000000000000000e+00 7.136992216110229492e-01 0.000000000000000000e+00
6.254299283027648926e-01 0.000000000000000000e+00 6.254299283027648926e-01 0.000000000000000000e+00
5.721001625061035156e-01 0.000000000000000000e+00 5.721001625061035156e-01 0.000000000000000000e+00
5.342198610305786133e-01 0.000000000000000000e+00 5.342198610305786133e-01 0.000000000000000000e+00
5.002456903457641602e-01 0.000000000000000000e+00 5.002456903457641602e-01 0.000000000000000000e+00
4.675813317298889160e-01 0.000000000000000000e+00 4.675813317298889160e-01 0.000000000000000000e+00
4.360242784023284912e-01 0.000000000000000000e+00 4.360242784023284912e-01 0.000000000000000000e+00
4.005329608917236328e-01 0.000000000000000000e+00 4.005329608917236328e-01 0.000000000000000000e+00
3.663886487483978271e-01 0.000000000000000000e+00 3.663886487483978271e-01 0.000000000000000000e+00
3.388597369194030762e-01 0.000000000000000000e+00 3.388597369194030762e-01 0.000000000000000000e+00
3.092693984508514404e-01 0.000000000000000000e+00 3.092693984508514404e-01 0.000000000000000000e+00
2.785924077033996582e-01 0.000000000000000000e+00 2.785924077033996582e-01 0.000000000000000000e+00
2.540659904479980469e-01 0.000000000000000000e+00 2.540659904479980469e-01 0.000000000000000000e+00
2.496931254863739014e-01 0.000000000000000000e+00 2.496931254863739014e-01 0.000000000000000000e+00
2.419910430908203125e-01 0.000000000000000000e+00 2.419910430908203125e-01 0.000000000000000000e+00
2.269923388957977295e-01 0.000000000000000000e+00 2.269923388957977295e-01 0.000000000000000000e+00
2.107549160718917847e-01 0.000000000000000000e+00 2.107549160718917847e-01 0.000000000000000000e+00
1.923842132091522217e-01 0.000000000000000000e+00 1.923842132091522217e-01 0.000000000000000000e+00
1.726972460746765137e-01 0.000000000000000000e+00 1.726972460746765137e-01 0.000000000000000000e+00
1.630560457706451416e-01 0.000000000000000000e+00 1.630560457706451416e-01 0.000000000000000000e+00
1.564978957176208496e-01 0.000000000000000000e+00 1.564978957176208496e-01 0.000000000000000000e+00
1.419036090373992920e-01 0.000000000000000000e+00 1.419036090373992920e-01 0.000000000000000000e+00
1.346057802438735962e-01 0.000000000000000000e+00 1.346057802438735962e-01 0.000000000000000000e+00
1.278918981552124023e-01 0.000000000000000000e+00 1.278918981552124023e-01 0.000000000000000000e+00
1.253273189067840576e-01 0.000000000000000000e+00 1.253273189067840576e-01 0.000000000000000000e+00
1.171144470572471619e-01 0.000000000000000000e+00 1.171144470572471619e-01 0.000000000000000000e+00
1.055566668510437012e-01 0.000000000000000000e+00 1.055566668510437012e-01 0.000000000000000000e+00
9.651271253824234009e-02 0.000000000000000000e+00 9.651271253824234009e-02 0.000000000000000000e+00
9.090391546487808228e-02 0.000000000000000000e+00 9.090391546487808228e-02 0.000000000000000000e+00
8.661045134067535400e-02 0.000000000000000000e+00 8.661045134067535400e-02 0.000000000000000000e+00
8.043681085109710693e-02 0.000000000000000000e+00 8.043681085109710693e-02 0.000000000000000000e+00
7.516988366842269897e-02 0.000000000000000000e+00 7.516988366842269897e-02 0.000000000000000000e+00
7.171089947223663330e-02 0.000000000000000000e+00 7.171089947223663330e-02 0.000000000000000000e+00
6.871854513883590698e-02 0.000000000000000000e+00 6.871854513883590698e-02 0.000000000000000000e+00
6.368108093738555908e-02 0.000000000000000000e+00 6.368108093738555908e-02 0.000000000000000000e+00
6.077720597386360168e-02 0.000000000000000000e+00 6.077720597386360168e-02 0.000000000000000000e+00
5.996730178594589233e-02 0.000000000000000000e+00 5.996730178594589233e-02 0.000000000000000000e+00
5.746147036552429199e-02 0.000000000000000000e+00 5.746147036552429199e-02 0.000000000000000000e+00
5.541180446743965149e-02 0.000000000000000000e+00 5.541180446743965149e-02 0.000000000000000000e+00
5.312841385602951050e-02 0.000000000000000000e+00 5.312841385602951050e-02 0.000000000000000000e+00
4.939555376768112183e-02 0.000000000000000000e+00 4.939555376768112183e-02 0.000000000000000000e+00
4.999709129333496094e-02 0.000000000000000000e+00 4.999709129333496094e-02 0.000000000000000000e+00
4.673772305250167847e-02 0.000000000000000000e+00 4.673772305250167847e-02 0.000000000000000000e+00
4.495374858379364014e-02 0.000000000000000000e+00 4.495374858379364014e-02 0.000000000000000000e+00
4.480708017945289612e-02 0.000000000000000000e+00 4.480708017945289612e-02 0.000000000000000000e+00
4.235775396227836609e-02 0.000000000000000000e+00 4.235775396227836609e-02 0.000000000000000000e+00
4.037766531109809875e-02 0.000000000000000000e+00 4.037766531109809875e-02 0.000000000000000000e+00
4.143638536334037781e-02 0.000000000000000000e+00 4.143638536334037781e-02 0.000000000000000000e+00
3.790285438299179077e-02 0.000000000000000000e+00 3.790285438299179077e-02 0.000000000000000000e+00
3.703666478395462036e-02 0.000000000000000000e+00 3.703666478395462036e-02 0.000000000000000000e+00
