3.170605003833770752e-01 0.000000000000000000e+00 3.170605003833770752e-01 0.000000000000000000e+00
2.944121658802032471e-01 0.000000000000000000e+00 2.944121658802032471e-01 0.000000000000000000e+00
2.383092045783996582e-01 0.000000000000000000e+00 2.383092045783996582e-01 0.000000000000000000e+00
2.059405744075775146e-01 0.000000000000000000e+00 2.059405744075775146e-01 0.000000000000000000e+00
1.621572375297546387e-01 0.000000000000000000e+00 1.621572375297546387e-01 0.000000000000000000e+00
1.490852087736129761e-01 0.000000000000000000e+00 1.490852087736129761e-01 0.000000000000000000e+00
1.483704000711441040e-01 0.000000000000000000e+00 1.483704000711441040e-01 0.000000000000000000e+00
1.281950473785400391e-01 0.000000000000000000e+00 1.281950473785400391e-01 0.000000000000000000e+00
1.122009754180908203e-01 0.000000000000000000e+00 1.122009754180908203e-01 0.000000000000000000e+00
1.004789546132087708e-01 0.000000000000000000e+00 1.004789546132087708e-01 0.000000000000000000e+00
8.404889702796936035e-02 0.000000000000000000e+00 8.404889702796936035e-02 0.000000000000000000e+00
8.541335910558700562e-02 0.000000000000000000e+00 8.541335910558700562e-02 0.000000000000000000e+00
7.662954926490783691e-02 0.000000000000000000e+00 7.662954926490783691e-02 0.000000000000000000e+00
6.991720944643020630e-02 0.000000000000000000e+00 6.991720944643020630e-02 0.000000000000000000e+00
6.787969917058944702e-02 0.000000000000000000e+00 6.787969917058944702e-02 0.000000000000000000e+00
6.165623664855957031e-02 0.000000000000000000e+00 6.165623664855957031e-02 0.000000000000000000e+00
4.974184185266494751e-02 0.000000000000000000e+00 4.974184185266494751e-02 0.000000000000000000e+00
4.661296680569648743e-02 0.000000000000000000e+00 4.661296680569648743e-02 0.000000000000000000e+00
4.500813409686088562e-02 0.000000000000000000e+00 4.500813409686088562e-02 0.000000000000000000e+00
3.862825781106948853e-02 0.000000000000000000e+00 3.862825781106948853e-02 0.000000000000000000e+00
3.629058972001075745e-02 0.000000000000000000e+00 3.629058972001075745e-02 0.000000000000000000e+00
3.651075065135955811e-02 0.000000000000000000e+00 3.651075065135955811e-02 0.000000000000000000e+00
3.564897552132606506e-02 0.000000000000000000e+00 3.564897552132606506e-02 0.000000000000000000e+00
3.328498825430870056e-02 0.000000000000000000e+00 3.328498825430870056e-02 0.000000000000000000e+00
3.054406493902206421e-02 0.000000000000000000e+00 3.054406493902206421e-02 0.000000000000000000e+00
2.593967132270336151e-02 0.000000000000000000e+00 2.593967132270336151e-02 0.000000000000000000e+00
2.135982923209667206e-02 0.000000000000000000e+00 2.135982923209667206e-02 0.000000000000000000e+00
2.117035537958145142e-02 0.000000000000000000e+00 2.117035537958145142e-02 0.000000000000000000e+00
2.520976960659027100e-02 0.000000000000000000e+00 2.520976960659027100e-02 0.000000000000000000e+00
2.078649029135704041e-02 0.000000000000000000e+00 2.078649029135704041e-02 0.000000000000000000e+00
2.198277972638607025e-02 0.000000000000000000e+00 2.198277972638607025e-02 0.000000000000000000e+00
2.245787158608436584e-02 0.000000000000000000e+00 2.245787158608436584e-02 0.000000000000000000e+00
2.095783874392509460e-02 0.000000000000000000e+00 2.095783874392509460e-02 0.000000000000000000e+00
2.048562094569206238e-02 0.000000000000000000e+00 2.048562094569206238e-02 0.000000000000000000e+00
1.831360906362533569e-02 0.000000000000000000e+00 1.831360906362533569e-02 0.000000000000000000e+00
1.606949605047702789e-02 0.000000000000000000e+00 1.606949605047702789e-02 0.000000000000000000e+00
1.555748376995325089e-02 0.000000000000000000e+00 1.555748376995325089e-02 0.000000000000000000e+00
1.361692231148481369e-02 0.000000000000000000e+00 1.361692231148481369e-02 0.000000000000000000e+00
1.239269971847534180e-02 0.000000000000000000e+00 1.239269971847534180e-02 0.000000000000000000e+00
1.589362695813179016e-02 0.000000000000000000e+00 1.589362695813179016e-02 0.000000000000000000e+00
1.404316630214452744e-02 0.000000000000000000e+00 1.404316630214452744e-02 0.000000000000000000e+00
1.315800752490758896e-02 0.000000000000000000e+00 1.315800752490758896e-02 0.000000000000000000e+00
1.425182074308395386e-02 0.000000000000000000e+00 1.425182074308395386e-02 0.000000000000000000e+00
1.171563938260078430e-02 0.000000000000000000e+00 1.171563938260078430e-02 0.000000000000000000e+00
1.480024307966232300e-02 0.000000000000000000e+00 1.480024307966232300e-02 0.000000000000000000e+00
1.088965870440006256e-02 0.000000000000000000e+00 1.088965870440006256e-02 0.000000000000000000e+00
9.984381496906280518e-03 0.000000000000000000e+00 9.984381496906280518e-03 0.000000000000000000e+00
1.338106673210859299e-02 0.000000000000000000e+00 1.338106673210859299e-02 0.000000000000000000e+00
9.283741936087608337e-03 0.000000000000000000e+00 9.283741936087608337e-03 0.000000000000000000e+00
1.438361499458551407e-02 0.000000000000000000e+00 1.438361499458551407e-02 0.000000000000000000e+00
8.323622867465019226e-03 0.000000000000000000e+00 8.323622867465019226e-03 0.000000000000000000e+00
1.323135104030370712e-02 0.000000000000000000e+00 1.323135104030370712e-02 0.000000000000000000e+00
9.193906560540199280e-03 0.000000000000000000e+00 9.193906560540199280e-03 0.000000000000000000e+00
1.442325580865144730e-02 0.000000000000000000e+00 1.442325580865144730e-02 0.000000000000000000e+00
1.040118932723999023e-02 0.000000000000000000e+00 1.040118932723999023e-02 0.000000000000000000e+00
1.500637643039226532e-02 0.000000000000000000e+00 1.500637643039226532e-02 0.000000000000000000e+00
9.213712066411972046e-03 0.000000000000000000e+00 9.213712066411972046e-03 0.000000000000000000e+00
1.681698486208915710e-02 0.000000000000000000e+00 1.681698486208915710e-02 0.000000000000000000e+00
1.439656037837266922e-02 0.000000000000000000e+00 1.439656037837266922e-02 0.000000000000000000e+00
1.200006529688835144e-02 0.000000000000000000e+00 1.200006529688835144e-02 0.000000000000000000e+00
1.396404299885034561e-02 0.000000000000000000e+00 1.396404299885034561e-02 0.000000000000000000e+00
1.032373402267694473e-02 0.000000000000000000e+00 1.032373402267694473e-02 0.000000000000000000e+00
1.366378273814916611e-02 0.000000000000000000e+00 1.366378273814916611e-02 0.000000000000000000e+00
9.313527494668960571e-03 0.000000000000000000e+00 9.313527494668960571e-03 0.000000000000000000e+00
1.450444944202899933e-02 0.000000000000000000e+00 1.450444944202899933e-02 0.000000000000000000e+00
1.123074535280466080e-02 0.000000000000000000e+00 1.123074535280466080e-02 0.000000000000000000e+00
1.409105770289897919e-02 0.000000000000000000e+00 1.409105770289897919e-02 0.000000000000000000e+00
1.207396388053894043e-02 0.000000000000000000e+00 1.207396388053894043e-02 0.000000000000000000e+00
1.232755184173583984e-02 0.000000000000000000e+00 1.232755184173583984e-02 0.000000000000000000e+00
1.185192819684743881e-02 0.000000000000000000e+00 1.185192819684743881e-02 0.000000000000000000e+00
1.048102509230375290e-02 0.000000000000000000e+00 1.048102509230375290e-02 0.000000000000000000e+00
1.026296615600585938e-02 0.000000000000000000e+00 1.026296615600585938e-02 0.000000000000000000e+00
9.436797350645065308e-03 0.000000000000000000e+00 9.436797350645065308e-03 0.000000000000000000e+00
9.575464762747287750e-03 0.000000000000000000e+00 9.575464762747287750e-03 0.000000000000000000e+00
7.470523007214069366e-03 0.000000000000000000e+00 7.470523007214069366e-03 0.000000000000000000e+00
1.389542222023010254e-02 0.000000000000000000e+00 1.389542222023010254e-02 0.000000000000000000e+00
1.153519470244646072e-02 0.000000000000000000e+00 1.153519470244646072e-02 0.000000000000000000e+00
1.098805200308561325e-02 0.000000000000000000e+00 1.098805200308561325e-02 0.000000000000000000e+00
1.042430847883224487e-02 0.000000000000000000e+00 1.042430847883224487e-02 0.000000000000000000e+00
1.291862688958644867e-02 0.000000000000000000e+00 1.291862688958644867e-02 0.000000000000000000e+00
1.209854613989591599e-02 0.000000000000000000e+00 1.209854613989591599e-02 0.000000000000000000e+00
9.486416354775428772e-03 0.000000000000000000e+00 9.486416354775428772e-03 0.000000000000000000e+00
1.716971583664417267e-02 0.000000000000000000e+00 1.716971583664417267e-02 0.000000000000000000e+00
1.103721931576728821e-02 0.000000000000000000e+00 1.103721931576728821e-02 0.000000000000000000e+00
1.943655498325824738e-02 0.000000000000000000e+00 1.943655498325824738e-02 0.000000000000000000e+00
1.754514127969741821e-02 0.000000000000000000e+00 1.754514127969741821e-02 0.000000000000000000e+00
1.437984127551317215e-02 0.000000000000000000e+00 1.437984127551317215e-02 0.000000000000000000e+00
1.404315978288650513e-02 0.000000000000000000e+00 1.404315978288650513e-02 0.000000000000000000e+00
1.446781866252422333e-02 0.000000000000000000e+00 1.446781866252422333e-02 0.000000000000000000e+00
1.273268740624189377e-02 0.000000000000000000e+00 1.273268740624189377e-02 0.000000000000000000e+00
1.621723920106887817e-02 0.000000000000000000e+00 1.621723920106887817e-02 0.000000000000000000e+00
1.262251380831003189e-02 0.000000000000000000e+00 1.262251380831003189e-02 0.000000000000000000e+00
1.692917756736278534e-02 0.000000000000000000e+00 1.692917756736278534e-02 0.000000000000000000e+00
1.703015528619289398e-02 0.000000000000000000e+00 1.703015528619289398e-02 0.000000000000000000e+00
1.158794760704040527e-02 0.000000000000000000e+00 1.158794760704040527e-02 0.000000000000000000e+00
1.267804019153118134e-02 0.000000000000000000e+00 1.267804019153118134e-02 0.000000000000000000e+00
1.340369321405887604e-02 0.000000000000000000e+00 1.340369321405887604e-02 0.000000000000000000e+00
1.164187677204608917e-02 0.000000000000000000e+00 1.164187677204608917e-02 0.000000000000000000e+00
1.311760861426591873e-02 0.000000000000000000e+00 1.311760861426591873e-02 0.000000000000000000e+00
9.876789525151252747e-03 0.000000000000000000e+00 9.876789525151252747e-03 0.000000000000000000e+00
