1.052745103836059570e+00 0.000000000000000000e+00 1.052745103836059570e+00 0.000000000000000000e+00
9.085380434989929199e-01 0.000000000000000000e+00 9.085380434989929199e-01 0.000000000000000000e+00
8.368755578994750977e-01 0.000000000000000000e+00 8.368755578994750977e-01 0.000000000000000000e+00
7.632232308387756348e-01 0.000000000000000000e+00 7.632232308387756348e-01 0.000000000000000000e+00
6.706569194793701172e-01 0.000000000000000000e+00 6.706569194793701172e-01 0.000000000000000000e+00
5.680367946624755859e-01 0.000000000000000000e+00 5.680367946624755859e-01 0.000000000000000000e+00
4.904545843601226807e-01 0.000000000000000000e+00 4.904545843601226807e-01 0.000000000000000000e+00
4.644324779510498047e-01 0.000000000000000000e+00 4.644324779510498047e-01 0.000000000000000000e+00
4.543220102787017822e-01 0.000000000000000000e+00 4.543220102787017822e-01 0.000000000000000000e+00
4.288030266761779785e-01 0.000000000000000000e+00 4.288030266761779785e-01 0.000000000000000000e+00
4.100527763366699219e-01 0.000000000000000000e+00 4.100527763366699219e-01 0.000000000000000000e+00
3.804290592670440674e-01 0.000000000000000000e+00 3.804290592670440674e-01 0.000000000000000000e+00
3.418446183204650879e-01 0.000000000000000000e+00 3.418446183204650879e-01 0.000000000000000000e+00
3.036429286003112793e-01 0.000000000000000000e+00 3.036429286003112793e-01 0.000000000000000000e+00
2.893687784671783447e-01 0.000000000000000000e+00 2.893687784671783447e-01 0.000000000000000000e+00
2.731537222862243652e-01 0.000000000000000000e+00 2.731537222862243652e-01 0.000000000000000000e+00
2.483801841735839844e-01 0.000000000000000000e+00 2.483801841735839844e-01 0.000000000000000000e+00
2.278498709201812744e-01 0.000000000000000000e+00 2.278498709201812744e-01 0.000000000000000000e+00
2.099334001541137695e-01 0.000000000000000000e+00 2.099334001541137695e-01 0.000000000000000000e+00
1.890836805105209351e-01 0.000000000000000000e+00 1.890836805105209351e-01 0.000000000000000000e+00
1.731337457895278931e-01 0.000000000000000000e+00 1.731337457895278931e-01 0.000000000000000000e+00
1.639909446239471436e-01 0.000000000000000000e+00 1.639909446239471436e-01 0.000000000000000000e+00
1.448705494403839111e-01 0.000000000000000000e+00 1.448705494403839111e-01 0.000000000000000000e+00
1.270621269941329956e-01 0.000000000000000000e+00 1.270621269941329956e-01 0.000000000000000000e+00
1.048084050416946411e-01 0.000000000000000000e+00 1.048084050416946411e-01 0.000000000000000000e+00
8.830972015857696533e-02 0.000000000000000000e+00 8.830972015857696533e-02 0.000000000000000000e+00
7.799092680215835571e-02 0.000000000000000000e+00 7.799092680215835571e-02 0.000000000000000000e+00
7.802566140890121460e-02 0.000000000000000000e+00 7.802566140890121460e-02 0.000000000000000000e+00
8.590058982372283936e-02 0.000000000000000000e+00 8.590058982372283936e-02 0.000000000000000000e+00
7.931856811046600342e-02 0.000000000000000000e+00 7.931856811046600342e-02 0.000000000000000000e+00
8.414632081985473633e-02 0.000000000000000000e+00 8.414632081985473633e-02 0.000000000000000000e+00
7.703759521245956421e-02 0.000000000000000000e+00 7.703759521245956421e-02 0.000000000000000000e+00
7.789506763219833374e-02 0.000000000000000000e+00 7.789506763219833374e-02 0.000000000000000000e+00
7.255335152149200439e-02 0.000000000000000000e+00 7.255335152149200439e-02 0.000000000000000000e+00
6.039215996861457825e-02 0.000000000000000000e+00 6.039215996861457825e-02 0.000000000000000000e+00
5.339055135846138000e-02 0.000000000000000000e+00 5.339055135846138000e-02 0.000000000000000000e+00
4.791401699185371399e-02 0.000000000000000000e+00 4.791401699185371399e-02 0.000000000000000000e+00
5.387253314256668091e-02 0.000000000000000000e+00 5.387253314256668091e-02 0.000000000000000000e+00
4.875274002552032471e-02 0.000000000000000000e+00 4.875274002552032471e-02 0.000000000000000000e+00
4.844497889280319214e-02 0.000000000000000000e+00 4.844497889280319214e-02 0.000000000000000000e+00
5.075977370142936707e-02 0.000000000000000000e+00 5.075977370142936707e-02 0.000000000000000000e+00
3.977138549089431763e-02 0.000000000000000000e+00 3.977138549089431763e-02 0.000000000000000000e+00
4.809962958097457886e-02 0.000000000000000000e+00 4.809962958097457886e-02 0.000000000000000000e+00
3.990013152360916138e-02 0.000000000000000000e+00 3.990013152360916138e-02 0.000000000000000000e+00
3.978145122528076172e-02 0.000000000000000000e+00 3.978145122528076172e-02 0.000000000000000000e+00
4.115889221429824829e-02 0.000000000000000000e+00 4.115889221429824829e-02 0.000000000000000000e+00
3.103547729551792145e-02 0.000000000000000000e+00 3.103547729551792145e-02 0.000000000000000000e+00
3.606961295008659363e-02 0.000000000000000000e+00 3.606961295008659363e-02 0.000000000000000000e+00
3.613141924142837524e-02 0.000000000000000000e+00 3.613141924142837524e-02 0.000000000000000000e+00
2.951907552778720856e-02 0.000000000000000000e+00 2.951907552778720856e-02 0.000000000000000000e+00
