7.380470633506774902e-01 6.586359714489953276e-01 7.324406777840630767e-01 0.000000000000000000e+00
7.382683157920837402e-01 6.703650076371729938e-01 7.441918421966136066e-01 0.000000000000000000e+00
6.904220581054687500e-01 4.472670590340875885e-01 5.163092648446344635e-01 0.000000000000000000e+00
6.672503352165222168e-01 3.887065744974869674e-01 4.554316124894875473e-01 0.000000000000000000e+00
6.545245051383972168e-01 3.575312613105435799e-01 4.229837103342671822e-01 0.000000000000000000e+00
6.402337551116943359e-01 2.758824759597416909e-01 3.399058514709111245e-01 0.000000000000000000e+00
6.271471381187438965e-01 2.699208610627944482e-01 3.326355793450171960e-01 0.000000000000000000e+00
6.143071055412292480e-01 2.649429167761110926e-01 3.263736280752920771e-01 0.000000000000000000e+00
6.014426350593566895e-01 2.612772485481377749e-01 3.214215127991315035e-01 0.000000000000000000e+00
5.877924561500549316e-01 2.612756962257478666e-01 3.200549433308694791e-01 0.000000000000000000e+00
5.734356641769409180e-01 2.612753161709677752e-01 3.186188848238360460e-01 0.000000000000000000e+00
5.577703714370727539e-01 2.612753171051798717e-01 3.170523564840613262e-01 0.000000000000000000e+00
5.404976010322570801e-01 2.612750116376427734e-01 3.153247717408684814e-01 0.000000000000000000e+00
5.232852697372436523e-01 2.612753982097661964e-01 3.136039251834905617e-01 0.000000000000000000e+00
5.073357224464416504e-01 2.612754855211282257e-01 3.120090592558885101e-01 0.000000000000000000e+00
4.923573136329650879e-01 2.612840055478812262e-01 3.105197369111777350e-01 0.000000000000000000e+00
4.792798161506652832e-01 2.617133737906763291e-01 3.096413568958589768e-01 0.000000000000000000e+00
4.677459299564361572e-01 2.612774877251430872e-01 3.080520799757286432e-01 0.000000000000000000e+00
4.590729773044586182e-01 2.612752800801971809e-01 3.071825800458172218e-01 0.000000000000000000e+00
4.532266259193420410e-01 2.612752876903045585e-01 3.065979517723548819e-01 0.000000000000000000e+00
4.485511183738708496e-01 2.612785758596060659e-01 3.061336899321673299e-01 0.000000000000000000e+00
4.429453015327453613e-01 2.615097718436706353e-01 3.058043042321193505e-01 0.000000000000000000e+00
4.350825250148773193e-01 2.621550235100652548e-01 3.056632775016691062e-01 0.000000000000000000e+00
4.255980849266052246e-01 2.612777545435864823e-01 3.038375645263631242e-01 0.000000000000000000e+00
4.142686724662780762e-01 2.612753098842660604e-01 3.027021771308938680e-01 0.000000000000000000e+00
4.018997251987457275e-01 2.612751970466087870e-01 3.014651710565994791e-01 0.000000000000000000e+00
3.886197209358215332e-01 2.612753797281388568e-01 3.001373510766629504e-01 0.000000000000000000e+00
3.751319050788879395e-01 2.612755319081849770e-01 2.987887246512479500e-01 0.000000000000000000e+00
3.627837598323822021e-01 2.612994950380794767e-01 2.975778732564918760e-01 0.000000000000000000e+00
3.518009781837463379e-01 2.642330329708221237e-01 2.994131322793128769e-01 0.000000000000000000e+00
3.465859293937683105e-01 2.613029748807857433e-01 2.959615670751045147e-01 0.000000000000000000e+00
3.425525724887847900e-01 2.612754364682393082e-01 2.955306952072339066e-01 0.000000000000000000e+00
3.391906023025512695e-01 2.612752861441167695e-01 2.951943486095460756e-01 0.000000000000000000e+00
3.364557623863220215e-01 2.612753395406658408e-01 2.949209172694141623e-01 0.000000000000000000e+00
3.329507708549499512e-01 2.612754835002012443e-01 2.945705598406381798e-01 0.000000000000000000e+00
3.285270333290100098e-01 2.612754843461230214e-01 2.941281899141982015e-01 0.000000000000000000e+00
3.229893743991851807e-01 2.612755252121080618e-01 2.935744626520265799e-01 0.000000000000000000e+00
3.168491721153259277e-01 2.612754512662983086e-01 2.929603677327728417e-01 0.000000000000000000e+00
3.105263710021972656e-01 2.612758489268964812e-01 2.923284867721742675e-01 0.000000000000000000e+00
3.041228950023651123e-01 2.612808243484597837e-01 2.916931145937543546e-01 0.000000000000000000e+00
2.978227734565734863e-01 2.613318227707639441e-01 2.911141012340083822e-01 0.000000000000000000e+00
2.913683056831359863e-01 2.614995847829683084e-01 2.906364157238109369e-01 0.000000000000000000e+00
2.853047847747802734e-01 2.613416851477226022e-01 2.898721636252006295e-01 0.000000000000000000e+00
2.797539830207824707e-01 2.612868696223412668e-01 2.892622686694775735e-01 0.000000000000000000e+00
2.752407491207122803e-01 2.612784725606486225e-01 2.888025471001908207e-01 0.000000000000000000e+00
2.713165283203125000e-01 2.612770673774014729e-01 2.884087198369036931e-01 0.000000000000000000e+00
2.669723927974700928e-01 2.612772361095593299e-01 2.879744750167773093e-01 0.000000000000000000e+00
2.618383765220642090e-01 2.612791934273501204e-01 2.874630314520855712e-01 0.000000000000000000e+00
2.566971182823181152e-01 2.612865975078657588e-01 2.869563100811556300e-01 0.000000000000000000e+00
2.507565319538116455e-01 2.613139361431716656e-01 2.863895897110818600e-01 0.000000000000000000e+00
2.438904941082000732e-01 2.613678953151579720e-01 2.857569443534489495e-01 0.000000000000000000e+00
2.379153668880462646e-01 2.613646432976432510e-01 2.851561799864478775e-01 0.000000000000000000e+00
2.322226464748382568e-01 2.613218719013699065e-01 2.845441376664408217e-01 0.000000000000000000e+00
2.260733395814895630e-01 2.613010375211800018e-01 2.839083714793289581e-01 0.000000000000000000e+00
2.205037623643875122e-01 2.612985798093884204e-01 2.833489567908852313e-01 0.000000000000000000e+00
2.154790163040161133e-01 2.613669783955921977e-01 2.829148807710518687e-01 0.000000000000000000e+00
2.105504721403121948e-01 2.619949930294805940e-01 2.830500413610989030e-01 0.000000000000000000e+00
2.081308364868164062e-01 2.616747132666854547e-01 2.824877965428380655e-01 0.000000000000000000e+00
2.071140110492706299e-01 2.613312287499809372e-01 2.820426302274370300e-01 0.000000000000000000e+00
2.051762640476226807e-01 2.612872193015222111e-01 2.818048460788135090e-01 0.000000000000000000e+00
2.025837451219558716e-01 2.612814201249495927e-01 2.815397946371451798e-01 0.000000000000000000e+00
2.004795074462890625e-01 2.612838233029005641e-01 2.813317747925875301e-01 0.000000000000000000e+00
1.981501877307891846e-01 2.612946116777014050e-01 2.811096300782512936e-01 0.000000000000000000e+00
1.950087398290634155e-01 2.613258885165720691e-01 2.808267624994784106e-01 0.000000000000000000e+00
1.914578229188919067e-01 2.613955610832922605e-01 2.805413441202395108e-01 0.000000000000000000e+00
1.885033100843429565e-01 2.615172600167121053e-01 2.803675921427334905e-01 0.000000000000000000e+00
1.857954263687133789e-01 2.615562936222280421e-01 2.801358362590993800e-01 0.000000000000000000e+00
1.832070350646972656e-01 2.614622645990543615e-01 2.797829684780531179e-01 0.000000000000000000e+00
1.815312057733535767e-01 2.613826332555856391e-01 2.795357549505080863e-01 0.000000000000000000e+00
1.797345876693725586e-01 2.613411901622206823e-01 2.793146485566289083e-01 0.000000000000000000e+00
1.773043870925903320e-01 2.613246450849810443e-01 2.790550841667691073e-01 0.000000000000000000e+00
1.749396771192550659e-01 2.613282850639089272e-01 2.788222538934215233e-01 0.000000000000000000e+00
1.722056269645690918e-01 2.613639534266622433e-01 2.785845157505901226e-01 0.000000000000000000e+00
1.695849001407623291e-01 2.614621805905557039e-01 2.784206706046319368e-01 0.000000000000000000e+00
1.677093058824539185e-01 2.615062364450828070e-01 2.782771674058572287e-01 0.000000000000000000e+00
1.657909452915191650e-01 2.614623751138362429e-01 2.780414703880462191e-01 0.000000000000000000e+00
1.638877093791961670e-01 2.613757640995965636e-01 2.777645361551032699e-01 0.000000000000000000e+00
1.623550206422805786e-01 2.613275600615224681e-01 2.775630624982795558e-01 0.000000000000000000e+00
1.603882908821105957e-01 2.613199847118985453e-01 2.773588141726386347e-01 0.000000000000000000e+00
1.579257547855377197e-01 2.613360862945737217e-01 2.771286628907145833e-01 0.000000000000000000e+00
1.551645249128341675e-01 2.613734818066068000e-01 2.768899342978902167e-01 0.000000000000000000e+00
1.524133086204528809e-01 2.614258959806466942e-01 2.766672274014855271e-01 0.000000000000000000e+00
1.496780216693878174e-01 2.614885655653023111e-01 2.764563675459765779e-01 0.000000000000000000e+00
1.469949632883071899e-01 2.615143583668134708e-01 2.762138546956441898e-01 0.000000000000000000e+00
1.447413861751556396e-01 2.614619876826380640e-01 2.759361263001536280e-01 0.000000000000000000e+00
1.428188681602478027e-01 2.613916936036808636e-01 2.756735802334411289e-01 0.000000000000000000e+00
1.407386809587478638e-01 2.613505040218141451e-01 2.754243723039534464e-01 0.000000000000000000e+00
1.382796019315719604e-01 2.613372727750719049e-01 2.751652327819645860e-01 0.000000000000000000e+00
1.354362368583679199e-01 2.613466479404212839e-01 2.748902714399935610e-01 0.000000000000000000e+00
1.323714405298233032e-01 2.613823560389771927e-01 2.746194999056950081e-01 0.000000000000000000e+00
1.293459385633468628e-01 2.614347654306107827e-01 2.743693598457390137e-01 0.000000000000000000e+00
1.263341903686523438e-01 2.614532373441634250e-01 2.740866569398222041e-01 0.000000000000000000e+00
1.233536452054977417e-01 2.619383084337625345e-01 2.742736731405768236e-01 0.000000000000000000e+00
1.246246919035911560e-01 2.621773224329618235e-01 2.746397921821144839e-01 0.000000000000000000e+00
1.255826950073242188e-01 2.614580389309301145e-01 2.740163082453980214e-01 0.000000000000000000e+00
1.266176849603652954e-01 2.614704236117357250e-01 2.741321926665657993e-01 0.000000000000000000e+00
1.281657516956329346e-01 2.613328297082075369e-01 2.741494050640353453e-01 0.000000000000000000e+00
1.288794279098510742e-01 2.613100880237511081e-01 2.741980306284717006e-01 0.000000000000000000e+00
1.287592351436614990e-01 2.613124256486129005e-01 2.741883495355080802e-01 0.000000000000000000e+00
1.283089369535446167e-01 2.613266284650547222e-01 2.741575219741446690e-01 0.000000000000000000e+00
