8.277184367179870605e-01 0.000000000000000000e+00 8.277184367179870605e-01 0.000000000000000000e+00
6.787014603614807129e-01 0.000000000000000000e+00 6.787014603614807129e-01 0.000000000000000000e+00
6.165903210639953613e-01 0.000000000000000000e+00 6.165903210639953613e-01 0.000000000000000000e+00
5.560930967330932617e-01 0.000000000000000000e+00 5.560930967330932617e-01 0.000000000000000000e+00
4.889433383941650391e-01 0.000000000000000000e+00 4.889433383941650391e-01 0.000000000000000000e+00
4.270740151405334473e-01 0.000000000000000000e+00 4.270740151405334473e-01 0.000000000000000000e+00
3.908876180648803711e-01 0.000000000000000000e+00 3.908876180648803711e-01 0.000000000000000000e+00
3.681747019290924072e-01 0.000000000000000000e+00 3.681747019290924072e-01 0.000000000000000000e+00
3.457836210727691650e-01 0.000000000000000000e+00 3.457836210727691650e-01 0.000000000000000000e+00
3.180703818798065186e-01 0.000000000000000000e+00 3.180703818798065186e-01 0.000000000000000000e+00
2.863258123397827148e-01 0.000000000000000000e+00 2.863258123397827148e-01 0.000000000000000000e+00
2.479591816663742065e-01 0.000000000000000000e+00 2.479591816663742065e-01 0.000000000000000000e+00
2.055074274539947510e-01 0.000000000000000000e+00 2.055074274539947510e-01 0.000000000000000000e+00
1.926565319299697876e-01 0.000000000000000000e+00 1.926565319299697876e-01 0.000000000000000000e+00
1.811913102865219116e-01 0.000000000000000000e+00 1.811913102865219116e-01 0.000000000000000000e+00
1.651834547519683838e-01 0.000000000000000000e+00 1.651834547519683838e-01 0.000000000000000000e+00
1.637686491012573242e-01 0.000000000000000000e+00 1.637686491012573242e-01 0.000000000000000000e+00
1.616389900445938110e-01 0.000000000000000000e+00 1.616389900445938110e-01 0.000000000000000000e+00
1.588453948497772217e-01 0.000000000000000000e+00 1.588453948497772217e-01 0.000000000000000000e+00
1.465519368648529053e-01 0.000000000000000000e+00 1.465519368648529053e-01 0.000000000000000000e+00
1.342318654060363770e-01 0.000000000000000000e+00 1.342318654060363770e-01 0.000000000000000000e+00
1.191526874899864197e-01 0.000000000000000000e+00 1.191526874899864197e-01 0.000000000000000000e+00
1.090064644813537598e-01 0.000000000000000000e+00 1.090064644813537598e-01 0.000000000000000000e+00
9.660401940345764160e-02 0.000000000000000000e+00 9.660401940345764160e-02 0.000000000000000000e+00
9.395113587379455566e-02 0.000000000000000000e+00 9.395113587379455566e-02 0.000000000000000000e+00
9.601378440856933594e-02 0.000000000000000000e+00 9.601378440856933594e-02 0.000000000000000000e+00
9.731465578079223633e-02 0.000000000000000000e+00 9.731465578079223633e-02 0.000000000000000000e+00
1.000068485736846924e-01 0.000000000000000000e+00 1.000068485736846924e-01 0.000000000000000000e+00
9.833158552646636963e-02 0.000000000000000000e+00 9.833158552646636963e-02 0.000000000000000000e+00
9.678135812282562256e-02 0.000000000000000000e+00 9.678135812282562256e-02 0.000000000000000000e+00
8.978902548551559448e-02 0.000000000000000000e+00 8.978902548551559448e-02 0.000000000000000000e+00
8.302116394042968750e-02 0.000000000000000000e+00 8.302116394042968750e-02 0.000000000000000000e+00
7.284823060035705566e-02 0.000000000000000000e+00 7.284823060035705566e-02 0.000000000000000000e+00
6.074349582195281982e-02 0.000000000000000000e+00 6.074349582195281982e-02 0.000000000000000000e+00
6.005830317735671997e-02 0.000000000000000000e+00 6.005830317735671997e-02 0.000000000000000000e+00
6.247602775692939758e-02 0.000000000000000000e+00 6.247602775692939758e-02 0.000000000000000000e+00
6.521812081336975098e-02 0.000000000000000000e+00 6.521812081336975098e-02 0.000000000000000000e+00
6.401057541370391846e-02 0.000000000000000000e+00 6.401057541370391846e-02 0.000000000000000000e+00
6.400886178016662598e-02 0.000000000000000000e+00 6.400886178016662598e-02 0.000000000000000000e+00
5.822273716330528259e-02 0.000000000000000000e+00 5.822273716330528259e-02 0.000000000000000000e+00
5.563082173466682434e-02 0.000000000000000000e+00 5.563082173466682434e-02 0.000000000000000000e+00
4.738749563694000244e-02 0.000000000000000000e+00 4.738749563694000244e-02 0.000000000000000000e+00
4.788412898778915405e-02 0.000000000000000000e+00 4.788412898778915405e-02 0.000000000000000000e+00
4.809715226292610168e-02 0.000000000000000000e+00 4.809715226292610168e-02 0.000000000000000000e+00
4.998397827148437500e-02 0.000000000000000000e+00 4.998397827148437500e-02 0.000000000000000000e+00
4.383598640561103821e-02 0.000000000000000000e+00 4.383598640561103821e-02 0.000000000000000000e+00
4.233751818537712097e-02 0.000000000000000000e+00 4.233751818537712097e-02 0.000000000000000000e+00
4.148183390498161316e-02 0.000000000000000000e+00 4.148183390498161316e-02 0.000000000000000000e+00
3.839741647243499756e-02 0.000000000000000000e+00 3.839741647243499756e-02 0.000000000000000000e+00
3.624490648508071899e-02 0.000000000000000000e+00 3.624490648508071899e-02 0.000000000000000000e+00
