3.550488948822021484e-01 5.477238549463569334e-02 3.093668169613986940e+00 2.812500000000000000e-01
4.850594401359558105e-01 1.397050639254182880e-01 7.470312636406870155e+00 3.437500000000000000e-01
4.363565146923065186e-01 6.640950510768435511e-02 3.756831770076524357e+00 3.125000000000000000e-01
4.283674657344818115e-01 5.866519714263326163e-02 3.361627322866144851e+00 2.812500000000000000e-01
4.254242777824401855e-01 5.467639973860786984e-02 3.159244264712833594e+00 2.500000000000000000e-01
4.119088649749755859e-01 4.458763363212395886e-02 2.641290546581173349e+00 2.187500000000000000e-01
3.996512293815612793e-01 2.888351439983116373e-02 1.843826949373119417e+00 2.812500000000000000e-01
4.013252258300781250e-01 1.799795119901842835e-02 1.301222785780999480e+00 4.062500000000000000e-01
4.072445631027221680e-01 2.003620482544251485e-02 1.409054804374847869e+00 3.750000000000000000e-01
4.167012274265289307e-01 1.965779313255807195e-02 1.399590884054432660e+00 3.437500000000000000e-01
4.292442798614501953e-01 2.157127817900144837e-02 1.507808188811522676e+00 4.062500000000000000e-01
4.399552047252655029e-01 1.996984361774899186e-02 1.438447385612715124e+00 4.375000000000000000e-01
4.443533420562744141e-01 1.792009399033121786e-02 1.340358041572835335e+00 4.062500000000000000e-01
4.533397257328033447e-01 1.650545399416238415e-02 1.278612425440922573e+00 4.062500000000000000e-01
4.604042172431945801e-01 1.559440505988282134e-02 1.240124470237335519e+00 4.687500000000000000e-01
4.605938792228698730e-01 1.337627008960698589e-02 1.129407383703219026e+00 4.687500000000000000e-01
4.603055715560913086e-01 1.263837118160768616e-02 1.092224130636475721e+00 4.687500000000000000e-01
4.641957581043243408e-01 1.487536311455187055e-02 1.207963913831917813e+00 4.375000000000000000e-01
4.772930443286895752e-01 1.549239885671135908e-02 1.251912987164257585e+00 4.062500000000000000e-01
4.974421262741088867e-01 1.429938659737024081e-02 1.212411456142620914e+00 4.375000000000000000e-01
5.169377923011779785e-01 1.137588127961710813e-02 1.085731856282033281e+00 4.687500000000000000e-01
5.359001755714416504e-01 1.211627041413365982e-02 1.141713696278124690e+00 5.000000000000000000e-01
5.560368895530700684e-01 1.279765679396555229e-02 1.195919729251347707e+00 5.000000000000000000e-01
5.756890773773193359e-01 1.102389883704449174e-02 1.126884019229543954e+00 5.000000000000000000e-01
5.970699787139892578e-01 1.074882342213129630e-02 1.134511149820554010e+00 5.000000000000000000e-01
6.072108149528503418e-01 9.494666825388907092e-03 1.081944156222295561e+00 5.312500000000000000e-01
6.232168674468994141e-01 9.045354663670505946e-03 1.075484600630424836e+00 5.625000000000000000e-01
6.442843675613403320e-01 1.014827120775923727e-02 1.151697927949302258e+00 4.687500000000000000e-01
6.585109233856201172e-01 8.401282646958449854e-03 1.078575055733542509e+00 5.312500000000000000e-01
6.599906682968139648e-01 8.882234512243829955e-03 1.104102393909005553e+00 5.312500000000000000e-01
6.682162284851074219e-01 7.531981797602397416e-03 1.044815318365227341e+00 5.312500000000000000e-01
6.652355790138244629e-01 7.052078641519957634e-03 1.017839511089822402e+00 5.625000000000000000e-01
6.784700751304626465e-01 9.426843142481752813e-03 1.149812232254550315e+00 5.000000000000000000e-01
6.758736371994018555e-01 7.201506596556232244e-03 1.035948967027213508e+00 4.687500000000000000e-01
6.542252302169799805e-01 9.327752517597756240e-03 1.120612856096867782e+00 5.000000000000000000e-01
6.314897537231445312e-01 1.115303444344945168e-02 1.189141475895617139e+00 5.000000000000000000e-01
6.120581626892089844e-01 9.727867770217625207e-03 1.098451551200090304e+00 5.000000000000000000e-01
5.976916551589965820e-01 7.886912375882078330e-03 9.920372739531004846e-01 5.937500000000000000e-01
5.892645120620727539e-01 5.583252280628997824e-03 8.684271260935225722e-01 6.562500000000000000e-01
5.880674719810485840e-01 5.289066511546316844e-03 8.525207975583644071e-01 5.625000000000000000e-01
5.969627499580383301e-01 1.126405915065198382e-02 1.160165707490637521e+00 5.937500000000000000e-01
6.004709005355834961e-01 1.005821683477911739e-02 1.103381742274539334e+00 5.000000000000000000e-01
5.925006270408630371e-01 1.131946611227735086e-02 1.158473932654730643e+00 5.000000000000000000e-01
5.847855210304260254e-01 1.143486641037396931e-02 1.156528841549124387e+00 5.937500000000000000e-01
5.801383852958679199e-01 7.961524734042140644e-03 9.782146219979749313e-01 7.500000000000000000e-01
5.770773887634277344e-01 5.645499995979916599e-03 8.593523885624235747e-01 6.875000000000000000e-01
5.745686292648315430e-01 5.580491494546047267e-03 8.535932039921338976e-01 6.562500000000000000e-01
5.705486536026000977e-01 5.167373014602979694e-03 8.289173043327491275e-01 6.875000000000000000e-01
5.567244291305541992e-01 5.144608880047192405e-03 8.139548731329138143e-01 7.812500000000000000e-01
5.372021794319152832e-01 4.963702688007110009e-03 7.853873138322707836e-01 6.562500000000000000e-01
5.188742280006408691e-01 4.997260583772632561e-03 7.687372571892725492e-01 6.562500000000000000e-01
5.061743259429931641e-01 5.374237954756617974e-03 7.748862236808240489e-01 6.875000000000000000e-01
5.009004473686218262e-01 4.751336840172593924e-03 7.384672893772514790e-01 7.187500000000000000e-01
4.994069039821624756e-01 4.571686324560756028e-03 7.279912202102002405e-01 7.187500000000000000e-01
5.005865693092346191e-01 3.904195239864868480e-03 6.957963313024779772e-01 7.187500000000000000e-01
5.007195472717285156e-01 3.883638457101162497e-03 6.949014701267866023e-01 7.187500000000000000e-01
4.958391487598419189e-01 3.315771246206508649e-03 6.616277110701673791e-01 7.500000000000000000e-01
4.939324855804443359e-01 3.396859779481936799e-03 6.637754745545412227e-01 7.187500000000000000e-01
4.949670433998107910e-01 3.154673438585494077e-03 6.527007153290854680e-01 7.500000000000000000e-01
4.946956634521484375e-01 3.407946949307124034e-03 6.650930109175046123e-01 6.875000000000000000e-01
4.936393797397613525e-01 2.996109557105572450e-03 6.434448575950399984e-01 6.875000000000000000e-01
4.929391443729400635e-01 2.704808718149561905e-03 6.281795802804182038e-01 7.187500000000000000e-01
5.019502043724060059e-01 3.651292692973710525e-03 6.845148390210915590e-01 7.812500000000000000e-01
5.058243274688720703e-01 2.925902519360939862e-03 6.521194534369190166e-01 7.500000000000000000e-01
5.058111548423767090e-01 3.490512863915901359e-03 6.803367980381718194e-01 7.187500000000000000e-01
5.061790347099304199e-01 2.607057389519532378e-03 6.365319041859069937e-01 7.500000000000000000e-01
5.063033699989318848e-01 2.414339950285637228e-03 6.270203675132137722e-01 7.500000000000000000e-01
5.067079067230224609e-01 2.225924185174159211e-03 6.180041159817304397e-01 7.812500000000000000e-01
5.034365653991699219e-01 1.583730692759281571e-03 5.826231000371340230e-01 8.125000000000000000e-01
4.983673989772796631e-01 2.028949968168674949e-03 5.998148973857133637e-01 8.125000000000000000e-01
4.986984729766845703e-01 1.973623129572572594e-03 5.973796294553131991e-01 8.125000000000000000e-01
4.973374903202056885e-01 1.839772794635046935e-03 5.893261300519579970e-01 8.125000000000000000e-01
4.916262030601501465e-01 2.877065676346947029e-03 6.354794868774975569e-01 7.812500000000000000e-01
4.958997368812561035e-01 2.417552596594227041e-03 6.167773667109675007e-01 7.812500000000000000e-01
4.923177957534790039e-01 2.051134585242288689e-03 5.948745250155934583e-01 7.500000000000000000e-01
4.935984909534454346e-01 3.049614247689558504e-03 6.460792033379233468e-01 7.500000000000000000e-01
4.853270649909973145e-01 3.061219631713210394e-03 6.383880465766578194e-01 7.187500000000000000e-01
4.839397072792053223e-01 2.335803157265192633e-03 6.007298651424649583e-01 7.187500000000000000e-01
4.922643601894378662e-01 1.749236269887464090e-03 5.797261736838110746e-01 8.125000000000000000e-01
5.046974420547485352e-01 2.842566465353415454e-03 6.468257653224193104e-01 7.812500000000000000e-01
5.138091444969177246e-01 1.453292615740296766e-03 5.864737752839325191e-01 8.750000000000000000e-01
5.218197107315063477e-01 2.583665918999656936e-03 6.510030066814891381e-01 7.812500000000000000e-01
5.231243371963500977e-01 2.855405790155299793e-03 6.658946267041150335e-01 7.500000000000000000e-01
5.233110189437866211e-01 1.741061250800578133e-03 6.103640814838154904e-01 8.750000000000000000e-01
5.158444046974182129e-01 1.773561264158664448e-03 6.045224679053514683e-01 8.750000000000000000e-01
5.064746737480163574e-01 1.785326681208746370e-03 5.957410078084537375e-01 8.750000000000000000e-01
4.956433176994323730e-01 2.588894258674050500e-03 6.250880306331348946e-01 8.125000000000000000e-01
4.900279641151428223e-01 2.344759172680205284e-03 6.072659227491530309e-01 8.125000000000000000e-01
4.808409810066223145e-01 2.414994816191424077e-03 6.015907218161935521e-01 8.750000000000000000e-01
4.708034396171569824e-01 2.349288309399717375e-03 5.882678550871428547e-01 7.812500000000000000e-01
4.614855945110321045e-01 2.149251793415221136e-03 5.689481841817931596e-01 7.812500000000000000e-01
4.612536728382110596e-01 2.029809937087558632e-03 5.627441696925890025e-01 8.125000000000000000e-01
4.567017853260040283e-01 3.671553289269742851e-03 6.402794497894911396e-01 7.500000000000000000e-01
4.557577967643737793e-01 2.863062812669323748e-03 5.989109373978399598e-01 7.812500000000000000e-01
4.579869806766510010e-01 2.015301673211712663e-03 5.587520643372366758e-01 7.812500000000000000e-01
4.644284546375274658e-01 2.004447905767784040e-03 5.646508499259166314e-01 7.812500000000000000e-01
4.718655049800872803e-01 2.143131437639605487e-03 5.790220768620675251e-01 7.812500000000000000e-01
4.787326455116271973e-01 1.511848469473660132e-03 5.543250689853101987e-01 8.437500000000000000e-01
4.847141206264495850e-01 1.290973479806085218e-03 5.492627946167538688e-01 8.750000000000000000e-01
4.877867996692657471e-01 1.924095388901131366e-03 5.839915691143222620e-01 8.125000000000000000e-01
