3.483312726020812988e-01 0.000000000000000000e+00 3.483312726020812988e-01 0.000000000000000000e+00
3.341047763824462891e-01 0.000000000000000000e+00 3.341047763824462891e-01 0.000000000000000000e+00
2.932944595813751221e-01 0.000000000000000000e+00 2.932944595813751221e-01 0.000000000000000000e+00
2.687761485576629639e-01 0.000000000000000000e+00 2.687761485576629639e-01 0.000000000000000000e+00
2.605919539928436279e-01 0.000000000000000000e+00 2.605919539928436279e-01 0.000000000000000000e+00
2.482524365186691284e-01 0.000000000000000000e+00 2.482524365186691284e-01 0.000000000000000000e+00
2.360955625772476196e-01 0.000000000000000000e+00 2.360955625772476196e-01 0.000000000000000000e+00
2.233477383852005005e-01 0.000000000000000000e+00 2.233477383852005005e-01 0.000000000000000000e+00
2.107720524072647095e-01 0.000000000000000000e+00 2.107720524072647095e-01 0.000000000000000000e+00
1.967172175645828247e-01 0.000000000000000000e+00 1.967172175645828247e-01 0.000000000000000000e+00
1.877605766057968140e-01 0.000000000000000000e+00 1.877605766057968140e-01 0.000000000000000000e+00
1.800444424152374268e-01 0.000000000000000000e+00 1.800444424152374268e-01 0.000000000000000000e+00
1.702479571104049683e-01 0.000000000000000000e+00 1.702479571104049683e-01 0.000000000000000000e+00
1.604310870170593262e-01 0.000000000000000000e+00 1.604310870170593262e-01 0.000000000000000000e+00
1.535447090864181519e-01 0.000000000000000000e+00 1.535447090864181519e-01 0.000000000000000000e+00
1.499810963869094849e-01 0.000000000000000000e+00 1.499810963869094849e-01 0.000000000000000000e+00
1.457412689924240112e-01 0.000000000000000000e+00 1.457412689924240112e-01 0.000000000000000000e+00
1.405923515558242798e-01 0.000000000000000000e+00 1.405923515558242798e-01 0.000000000000000000e+00
1.359124779701232910e-01 0.000000000000000000e+00 1.359124779701232910e-01 0.000000000000000000e+00
1.307096779346466064e-01 0.000000000000000000e+00 1.307096779346466064e-01 0.000000000000000000e+00
1.246622055768966675e-01 0.000000000000000000e+00 1.246622055768966675e-01 0.000000000000000000e+00
1.198140680789947510e-01 0.000000000000000000e+00 1.198140680789947510e-01 0.000000000000000000e+00
1.147870421409606934e-01 0.000000000000000000e+00 1.147870421409606934e-01 0.000000000000000000e+00
1.097246631979942322e-01 0.000000000000000000e+00 1.097246631979942322e-01 0.000000000000000000e+00
1.086327657103538513e-01 0.000000000000000000e+00 1.086327657103538513e-01 0.000000000000000000e+00
1.072754636406898499e-01 0.000000000000000000e+00 1.072754636406898499e-01 0.000000000000000000e+00
1.075867339968681335e-01 0.000000000000000000e+00 1.075867339968681335e-01 0.000000000000000000e+00
1.068968698382377625e-01 0.000000000000000000e+00 1.068968698382377625e-01 0.000000000000000000e+00
1.045903041958808899e-01 0.000000000000000000e+00 1.045903041958808899e-01 0.000000000000000000e+00
1.041716113686561584e-01 0.000000000000000000e+00 1.041716113686561584e-01 0.000000000000000000e+00
1.026917174458503723e-01 0.000000000000000000e+00 1.026917174458503723e-01 0.000000000000000000e+00
1.005582436919212341e-01 0.000000000000000000e+00 1.005582436919212341e-01 0.000000000000000000e+00
9.891635179519653320e-02 0.000000000000000000e+00 9.891635179519653320e-02 0.000000000000000000e+00
9.640213102102279663e-02 0.000000000000000000e+00 9.640213102102279663e-02 0.000000000000000000e+00
9.495914727449417114e-02 0.000000000000000000e+00 9.495914727449417114e-02 0.000000000000000000e+00
9.396876394748687744e-02 0.000000000000000000e+00 9.396876394748687744e-02 0.000000000000000000e+00
9.306588023900985718e-02 0.000000000000000000e+00 9.306588023900985718e-02 0.000000000000000000e+00
9.127964824438095093e-02 0.000000000000000000e+00 9.127964824438095093e-02 0.000000000000000000e+00
9.005255997180938721e-02 0.000000000000000000e+00 9.005255997180938721e-02 0.000000000000000000e+00
8.957540243864059448e-02 0.000000000000000000e+00 8.957540243864059448e-02 0.000000000000000000e+00
8.883376419544219971e-02 0.000000000000000000e+00 8.883376419544219971e-02 0.000000000000000000e+00
8.878363668918609619e-02 0.000000000000000000e+00 8.878363668918609619e-02 0.000000000000000000e+00
8.708582073450088501e-02 0.000000000000000000e+00 8.708582073450088501e-02 0.000000000000000000e+00
8.597533404827117920e-02 0.000000000000000000e+00 8.597533404827117920e-02 0.000000000000000000e+00
8.502393960952758789e-02 0.000000000000000000e+00 8.502393960952758789e-02 0.000000000000000000e+00
8.453807979822158813e-02 0.000000000000000000e+00 8.453807979822158813e-02 0.000000000000000000e+00
8.427769690752029419e-02 0.000000000000000000e+00 8.427769690752029419e-02 0.000000000000000000e+00
8.163613080978393555e-02 0.000000000000000000e+00 8.163613080978393555e-02 0.000000000000000000e+00
8.047441393136978149e-02 0.000000000000000000e+00 8.047441393136978149e-02 0.000000000000000000e+00
8.075059205293655396e-02 0.000000000000000000e+00 8.075059205293655396e-02 0.000000000000000000e+00
8.006507903337478638e-02 0.000000000000000000e+00 8.006507903337478638e-02 0.000000000000000000e+00
7.773290574550628662e-02 0.000000000000000000e+00 7.773290574550628662e-02 0.000000000000000000e+00
7.708801329135894775e-02 0.000000000000000000e+00 7.708801329135894775e-02 0.000000000000000000e+00
7.738442718982696533e-02 0.000000000000000000e+00 7.738442718982696533e-02 0.000000000000000000e+00
7.732769101858139038e-02 0.000000000000000000e+00 7.732769101858139038e-02 0.000000000000000000e+00
7.500398904085159302e-02 0.000000000000000000e+00 7.500398904085159302e-02 0.000000000000000000e+00
7.364829629659652710e-02 0.000000000000000000e+00 7.364829629659652710e-02 0.000000000000000000e+00
7.322986423969268799e-02 0.000000000000000000e+00 7.322986423969268799e-02 0.000000000000000000e+00
7.347506284713745117e-02 0.000000000000000000e+00 7.347506284713745117e-02 0.000000000000000000e+00
7.320811599493026733e-02 0.000000000000000000e+00 7.320811599493026733e-02 0.000000000000000000e+00
7.151651382446289062e-02 0.000000000000000000e+00 7.151651382446289062e-02 0.000000000000000000e+00
7.037160545587539673e-02 0.000000000000000000e+00 7.037160545587539673e-02 0.000000000000000000e+00
6.999084353446960449e-02 0.000000000000000000e+00 6.999084353446960449e-02 0.000000000000000000e+00
6.866239011287689209e-02 0.000000000000000000e+00 6.866239011287689209e-02 0.000000000000000000e+00
6.819330900907516479e-02 0.000000000000000000e+00 6.819330900907516479e-02 0.000000000000000000e+00
6.837419420480728149e-02 0.000000000000000000e+00 6.837419420480728149e-02 0.000000000000000000e+00
6.753849238157272339e-02 0.000000000000000000e+00 6.753849238157272339e-02 0.000000000000000000e+00
6.681592762470245361e-02 0.000000000000000000e+00 6.681592762470245361e-02 0.000000000000000000e+00
6.571370363235473633e-02 0.000000000000000000e+00 6.571370363235473633e-02 0.000000000000000000e+00
6.607216596603393555e-02 0.000000000000000000e+00 6.607216596603393555e-02 0.000000000000000000e+00
6.796456128358840942e-02 0.000000000000000000e+00 6.796456128358840942e-02 0.000000000000000000e+00
6.578767299652099609e-02 0.000000000000000000e+00 6.578767299652099609e-02 0.000000000000000000e+00
6.459120661020278931e-02 0.000000000000000000e+00 6.459120661020278931e-02 0.000000000000000000e+00
6.363016366958618164e-02 0.000000000000000000e+00 6.363016366958618164e-02 0.000000000000000000e+00
6.351359188556671143e-02 0.000000000000000000e+00 6.351359188556671143e-02 0.000000000000000000e+00
6.380884349346160889e-02 0.000000000000000000e+00 6.380884349346160889e-02 0.000000000000000000e+00
6.336555629968643188e-02 0.000000000000000000e+00 6.336555629968643188e-02 0.000000000000000000e+00
6.184582784771919250e-02 0.000000000000000000e+00 6.184582784771919250e-02 0.000000000000000000e+00
6.273670494556427002e-02 0.000000000000000000e+00 6.273670494556427002e-02 0.000000000000000000e+00
6.326498836278915405e-02 0.000000000000000000e+00 6.326498836278915405e-02 0.000000000000000000e+00
6.196357309818267822e-02 0.000000000000000000e+00 6.196357309818267822e-02 0.000000000000000000e+00
5.959380045533180237e-02 0.000000000000000000e+00 5.959380045533180237e-02 0.000000000000000000e+00
5.983740836381912231e-02 0.000000000000000000e+00 5.983740836381912231e-02 0.000000000000000000e+00
6.422738730907440186e-02 0.000000000000000000e+00 6.422738730907440186e-02 0.000000000000000000e+00
5.910521000623703003e-02 0.000000000000000000e+00 5.910521000623703003e-02 0.000000000000000000e+00
5.824251472949981689e-02 0.000000000000000000e+00 5.824251472949981689e-02 0.000000000000000000e+00
6.012088432908058167e-02 0.000000000000000000e+00 6.012088432908058167e-02 0.000000000000000000e+00
5.941625684499740601e-02 0.000000000000000000e+00 5.941625684499740601e-02 0.000000000000000000e+00
5.826925113797187805e-02 0.000000000000000000e+00 5.826925113797187805e-02 0.000000000000000000e+00
5.891375988721847534e-02 0.000000000000000000e+00 5.891375988721847534e-02 0.000000000000000000e+00
5.694914981722831726e-02 0.000000000000000000e+00 5.694914981722831726e-02 0.000000000000000000e+00
5.680536106228828430e-02 0.000000000000000000e+00 5.680536106228828430e-02 0.000000000000000000e+00
5.782277137041091919e-02 0.000000000000000000e+00 5.782277137041091919e-02 0.000000000000000000e+00
5.740190669894218445e-02 0.000000000000000000e+00 5.740190669894218445e-02 0.000000000000000000e+00
5.600914359092712402e-02 0.000000000000000000e+00 5.600914359092712402e-02 0.000000000000000000e+00
5.592118203639984131e-02 0.000000000000000000e+00 5.592118203639984131e-02 0.000000000000000000e+00
5.865408107638359070e-02 0.000000000000000000e+00 5.865408107638359070e-02 0.000000000000000000e+00
5.594669654965400696e-02 0.000000000000000000e+00 5.594669654965400696e-02 0.000000000000000000e+00
5.384133756160736084e-02 0.000000000000000000e+00 5.384133756160736084e-02 0.000000000000000000e+00
5.407237634062767029e-02 0.000000000000000000e+00 5.407237634062767029e-02 0.000000000000000000e+00
