5.560679435729980469e-01 5.059895558246482045e-02 3.086015722696239028e+00 2.500000000000000000e-01
6.454952955245971680e-01 7.962169385955189527e-02 4.626579988502191654e+00 9.375000000000000000e-02
6.353457570075988770e-01 2.981655305723567018e-02 2.126173409869382525e+00 1.250000000000000000e-01
6.196333765983581543e-01 4.564934475138206910e-02 2.902100614167461679e+00 1.250000000000000000e-01
5.916941761970520020e-01 3.578365046383084891e-02 2.380876699388594364e+00 2.500000000000000000e-01
5.839354991912841797e-01 2.322822079183111538e-02 1.745346538782839962e+00 3.125000000000000000e-01
5.719795823097229004e-01 1.981210960841386579e-02 1.562585062730416308e+00 2.187500000000000000e-01
5.653569698333740234e-01 2.857141102168576571e-02 1.993927520917662344e+00 2.500000000000000000e-01
5.618724226951599121e-01 1.503251083213879256e-02 1.313497964302099419e+00 3.437500000000000000e-01
5.640692710876464844e-01 1.629798357583228316e-02 1.378968449879260483e+00 3.125000000000000000e-01
5.645515322685241699e-01 1.516702279930727364e-02 1.322902672233887689e+00 3.750000000000000000e-01
5.650218725204467773e-01 1.336285942446718486e-02 1.233164843743805861e+00 3.750000000000000000e-01
5.620684623718261719e-01 1.278798253477029905e-02 1.201467589110341017e+00 4.062500000000000000e-01
5.559208989143371582e-01 1.024817461693361409e-02 1.068329629761017863e+00 3.750000000000000000e-01
5.491436123847961426e-01 9.152825714094325188e-03 1.006784898089512437e+00 3.437500000000000000e-01
5.486341118812561035e-01 9.216131109797550194e-03 1.009440667371133582e+00 3.437500000000000000e-01
5.514761209487915039e-01 9.723751315175211546e-03 1.037663686707552158e+00 3.437500000000000000e-01
5.539485812187194824e-01 7.931497133477894562e-03 9.505234378926141758e-01 4.062500000000000000e-01
5.539721250534057617e-01 6.794106952151088286e-03 8.936774726609602038e-01 4.062500000000000000e-01
5.516031980514526367e-01 7.140490687184416346e-03 9.086277324106735165e-01 4.687500000000000000e-01
5.467088222503662109e-01 6.574258153342693936e-03 8.754217299175008904e-01 4.687500000000000000e-01
5.426008701324462891e-01 5.772468385254529016e-03 8.312242893951726774e-01 4.375000000000000000e-01
5.407512187957763672e-01 6.178567881635376943e-03 8.496796128775452317e-01 4.687500000000000000e-01
5.363669991493225098e-01 5.819761443924026563e-03 8.273550713455237737e-01 4.687500000000000000e-01
5.313018560409545898e-01 6.347192073678926440e-03 8.486614597249009240e-01 4.375000000000000000e-01
5.252290368080139160e-01 6.123633826935919768e-03 8.314107281548099859e-01 5.312500000000000000e-01
5.200256109237670898e-01 7.375644580171716869e-03 8.888078399323529055e-01 5.000000000000000000e-01
5.183188915252685547e-01 1.226846582268550576e-02 1.131742182659543960e+00 4.687500000000000000e-01
5.124346017837524414e-01 1.156254985429868397e-02 1.090562094498686685e+00 4.375000000000000000e-01
5.079913139343261719e-01 5.958730689455732712e-03 8.059278484071128457e-01 5.625000000000000000e-01
5.034248232841491699e-01 5.333777209217936861e-03 7.701136837450459627e-01 5.625000000000000000e-01
5.002614855766296387e-01 5.861699512796027592e-03 7.933464612164310426e-01 5.625000000000000000e-01
4.976238608360290527e-01 5.130452389315061715e-03 7.541464803017821072e-01 6.250000000000000000e-01
4.965131282806396484e-01 5.424393423861197452e-03 7.677327994736995453e-01 6.250000000000000000e-01
4.954900741577148438e-01 3.800719357849728294e-03 6.855260420502012897e-01 6.250000000000000000e-01
4.940745830535888672e-01 4.076668230413139395e-03 6.979079945742459046e-01 6.875000000000000000e-01
4.926395416259765625e-01 3.534235179015942849e-03 6.693513005767737223e-01 6.562500000000000000e-01
4.898912310600280762e-01 3.683410533046321735e-03 6.740617577123442228e-01 5.625000000000000000e-01
4.858221113681793213e-01 4.525463096514415785e-03 7.120952661939001782e-01 6.250000000000000000e-01
4.811029434204101562e-01 3.698895411323603437e-03 6.660477139865903506e-01 6.250000000000000000e-01
4.808009266853332520e-01 4.963438526029777600e-03 7.289728529868221285e-01 6.875000000000000000e-01
4.800488948822021484e-01 6.067987695941762065e-03 7.834482796792903159e-01 5.937500000000000000e-01
4.831929802894592285e-01 3.471765656517556819e-03 6.567812631153371328e-01 7.187500000000000000e-01
4.852362871170043945e-01 2.265798093580180788e-03 5.985261917960134070e-01 7.187500000000000000e-01
4.872407913208007812e-01 1.964023870280297984e-03 5.854419848348156874e-01 6.875000000000000000e-01
4.918338358402252197e-01 1.488135085711305480e-03 5.662405901257905327e-01 6.562500000000000000e-01
4.959836304187774658e-01 1.867977440097891772e-03 5.893825024236720722e-01 7.500000000000000000e-01
4.960417449474334717e-01 3.240327358752694096e-03 6.580581128850682138e-01 7.500000000000000000e-01
4.948311746120452881e-01 3.379149061535142995e-03 6.637886276888024240e-01 7.187500000000000000e-01
4.936056435108184814e-01 2.929802151483435618e-03 6.400957510849902832e-01 7.500000000000000000e-01
4.920388162136077881e-01 2.696399871692785159e-03 6.268588097982470408e-01 7.500000000000000000e-01
4.890446066856384277e-01 2.612637466899588121e-03 6.196764800306178156e-01 6.562500000000000000e-01
4.848905205726623535e-01 2.385747454350975807e-03 6.041778932902110988e-01 6.562500000000000000e-01
4.840169548988342285e-01 2.907123951245232495e-03 6.293731524610958195e-01 6.875000000000000000e-01
4.803321361541748047e-01 2.196654636275195867e-03 5.901648679679345477e-01 6.875000000000000000e-01
4.748013317584991455e-01 2.638152892007247959e-03 6.067089763588615625e-01 6.562500000000000000e-01
4.717856645584106445e-01 1.396558317654589048e-03 5.416135804411400523e-01 7.187500000000000000e-01
4.690334200859069824e-01 2.177895233550969367e-03 5.779281817634553953e-01 6.875000000000000000e-01
4.640358686447143555e-01 1.161839758989220012e-03 5.221278565941753769e-01 6.562500000000000000e-01
4.611798822879791260e-01 2.474830581442934510e-03 5.849214113601258758e-01 6.562500000000000000e-01
4.642237722873687744e-01 1.516325002091410603e-03 5.400400223919392673e-01 6.562500000000000000e-01
4.699876308441162109e-01 1.881343889521475306e-03 5.640548253201900231e-01 8.125000000000000000e-01
4.747650027275085449e-01 2.330115665476943307e-03 5.912707860013557415e-01 7.812500000000000000e-01
4.756634533405303955e-01 1.398269943747926757e-03 5.455769505279267628e-01 8.125000000000000000e-01
4.758265614509582520e-01 1.583933893146684257e-03 5.550232561082925065e-01 8.437500000000000000e-01
4.794959127902984619e-01 2.416277237351321851e-03 6.003097746578645033e-01 8.125000000000000000e-01
4.780507981777191162e-01 1.450314506368896540e-03 5.505665234961639731e-01 8.125000000000000000e-01
4.783230721950531006e-01 1.229148208535604803e-03 5.397804826218333130e-01 8.125000000000000000e-01
4.782382547855377197e-01 9.547296523228466451e-04 5.259747374016801036e-01 8.750000000000000000e-01
4.759869873523712158e-01 1.072058107145742230e-03 5.295898927096582831e-01 7.812500000000000000e-01
4.751616418361663818e-01 1.283108090782684573e-03 5.393170463753006461e-01 8.125000000000000000e-01
4.717663526535034180e-01 8.680626439304911339e-04 5.151694848500280033e-01 8.125000000000000000e-01
4.688617289066314697e-01 9.957489751148814947e-04 5.186491776623755046e-01 8.750000000000000000e-01
4.658123254776000977e-01 1.030576062135661695e-03 5.173411285843831919e-01 8.750000000000000000e-01
4.624887704849243164e-01 1.424667635155606399e-03 5.337221522427046949e-01 8.750000000000000000e-01
4.613313376903533936e-01 9.363868398307747913e-04 5.081506796818920924e-01 8.437500000000000000e-01
4.590000510215759277e-01 1.048726753505110779e-03 5.114363886968315009e-01 8.125000000000000000e-01
4.566809535026550293e-01 1.035353195003297288e-03 5.084486132528198699e-01 8.437500000000000000e-01
4.532672166824340820e-01 1.705784959282671213e-03 5.385564646465677008e-01 8.125000000000000000e-01
4.550766050815582275e-01 1.627331153731928102e-03 5.364431627681546244e-01 8.437500000000000000e-01
4.541108012199401855e-01 1.429389239122605924e-03 5.255802631760704280e-01 8.125000000000000000e-01
4.530405700206756592e-01 1.107439410468098739e-03 5.084125405440805823e-01 8.125000000000000000e-01
4.535978436470031738e-01 1.123319167413656082e-03 5.097638020176860074e-01 8.750000000000000000e-01
4.562971889972686768e-01 9.133286001289937350e-04 5.019636190037183310e-01 8.125000000000000000e-01
4.605305492877960205e-01 1.835768548119544319e-03 5.523189766937732781e-01 7.812500000000000000e-01
4.591306447982788086e-01 1.439063651621853238e-03 5.310838273793714315e-01 8.125000000000000000e-01
4.587263464927673340e-01 2.099340234090948769e-03 5.636933581973148089e-01 7.187500000000000000e-01
4.596892893314361572e-01 1.476891183277274791e-03 5.335338484952999449e-01 8.125000000000000000e-01
4.617222547531127930e-01 9.638711889842224104e-04 5.099158142023239026e-01 8.437500000000000000e-01
4.628399610519409180e-01 1.153825413836447565e-03 5.205312317437632563e-01 8.750000000000000000e-01
4.633260965347290039e-01 1.052136882550268717e-03 5.159329406622424896e-01 9.062500000000000000e-01
4.619186520576477051e-01 1.189769641622292215e-03 5.214071341387622738e-01 9.062500000000000000e-01
4.612229168415069580e-01 8.358866368332550610e-04 5.030172486831696599e-01 9.375000000000000000e-01
4.608187079429626465e-01 7.102153694013419154e-04 4.963294764130297132e-01 9.062500000000000000e-01
4.595716893672943115e-01 1.294678640909190364e-03 5.243056214127538306e-01 9.062500000000000000e-01
4.557428359985351562e-01 7.900686058806773333e-04 4.952462662925690151e-01 9.062500000000000000e-01
4.527935385704040527e-01 1.731582095010539106e-03 5.393726433209310445e-01 8.125000000000000000e-01
4.527337253093719482e-01 1.134236764796194095e-03 5.094455635491816903e-01 8.125000000000000000e-01
4.531112909317016602e-01 1.447832033595634112e-03 5.255028926114833077e-01 7.500000000000000000e-01
4.513923525810241699e-01 1.051819177737429653e-03 5.039833114678956560e-01 8.125000000000000000e-01
